gev_nuFnu10000_100000,gev_nuFnu1000_3000,gev_nuFnu100_300,gev_nuFnu3000_10000,gev_nuFnu300_1000,gev_nuFnu30_100,s_FLUX_U,s_FLUX_B,s_FLUX_V,s_FLUX_R,s_FLUX_I,s_FLUX_G,s_FLUX_J,s_FLUX_H,s_FLUX_K,s_FLUX_u,s_FLUX_g,s_FLUX_r,s_FLUX_i,s_FLUX_z,xmm_SC_EP_1_FLUX,xmm_SC_EP_2_FLUX,xmm_SC_EP_3_FLUX,xmm_SC_EP_4_FLUX,xmm_SC_EP_5_FLUX,s_MAIN_ID,s_class,s_nan_spectra,gev_1FGL_Name,gev_CLASS1,marked
1.2573438383251304e-12,2.4146632608245094e-11,8.859198964033258e-12,1.4800119462186115e-11,2.684171808227632e-11,0.0,0.0,0.0,0.0,0.0,0.0,0.0,0.0,0.0,0.0,0.0,0.0,0.0,0.0,0.0,7.203210369115003e-18,5.337159894200115e-17,3.3057300413771953e-16,3.044529909117064e-15,3.1288799910970855e-15,b'[KRL2007b] 194',Be,True,b'1FGL J1636.4-4737c',b'snr  ',0
4.36797875489929e-06,8.042724200812691e-05,1.7449954155958456e-05,3.9722795701738565e-05,7.974043044576325e-05,0.0,8.700521222239796e-05,3.626979962040217e-05,8.119803842343824e-05,0.00010222236374776663,0.0,0.00017035142453983534,0.006738220360614374,0.08119803842343824,0.9110573757632321,0.0,4.3605978228891364e-05,0.00012289829076651333,0.00014110594409941454,0.0,0.0,0.0,0.0,0.0,0.0,b'HD 328990',Be,False,b'1FGL J1651.5-4602c',b'     ',0
0.014349325579414974,0.08725672505925479,0.09646708949539001,0.05886472908218907,0.08262876920865363,0.0,4.191538934585605e-05,2.2509873109648817e-05,0.00017880251329160295,0.0008172848838401667,0.004191538934585606,0.0006238403089082281,0.05706546088118207,0.16046254932707182,0.4368910556993484,0.0,0.0,0.0,0.0,0.0,1.446813323517492e-06,9.280712989523424e-05,4.235944939616544e-05,0.0,1.7903717991474667e-06,b'UCAC2   5051621',Be,False,b'                  ',b'spp  ',0
0.05414067597893456,0.12369203800424358,0.44291351316785604,0.1212982739551001,0.18877402794538406,0.0,0.0,0.0,0.0,0.0,0.0,0.0,9.607360372309812e-07,0.00027390755112123523,0.06880255676567709,0.0,0.0,0.0,0.0,0.0,2.2856711723335312e-07,9.619466453771695e-07,3.4885019843070115e-07,3.4628810137590956e-06,9.904365067119044e-05,b'SSTGC 519103',Be,False,b'1FGL J1745.6-2900c',b'spp  ',0
0.04641163649223554,0.23212830529072953,0.27091392832878686,0.145208843715681,0.30425027543632904,0.0,0.0,2.8305246911406933e-05,2.623414745647219e-05,0.0,4.9758448832645624e-05,8.374652612252147e-05,0.00011963750627556226,0.00013300466663402778,0.0002876516815379082,0.0,0.0,0.0,0.0,0.0,3.2127802198721978e-06,3.333689432641294e-06,3.898443249084442e-05,0.00012296688690808266,0.00019017472341618995,b'LIN 341',Be,False,b'1FGL J0101.3-7257 ',b'GAL  ',0
0.001523725368625881,0.006399917180702923,0.0162309214747814,0.004016086097554415,0.008842059450976481,0.0,0.1508755662767653,0.034563568114102744,0.052314114065950816,0.0,0.0,0.06346281420968514,0.19797891674467913,0.20874626189674542,0.25504604911943024,0.0,0.0,0.0,0.0,0.0,0.0,0.0,0.0,0.0,0.0,b'LS  VI -04   15',B,False,b'                  ',b'     ',0
0.00015732511943756993,0.0026202240976716134,0.008954646014143986,0.0010902945798686617,0.00388106708312441,0.0,0.0,0.0069875338431071195,0.015287063759055397,0.0,0.0,0.031544530492915904,0.24735671844789386,0.32458148377716733,0.3575391127856141,0.0,0.0,0.0,0.0,0.0,0.0,0.0,0.0,0.0,0.0,b'LS   I +56   58',B,False,b'                  ',b'     ',0
1.4352952641299027e-05,0.13131277378160608,0.41303459009341953,0.07424117044902165,0.37053905962315514,0.0,0.0,0.00021356729117262004,0.00044620500157859866,0.00031588922730508016,0.0,0.000529461330132825,0.0016808720189987235,0.002262217500449233,0.003455686791452813,0.00022005653679029748,0.0004915121421234266,0.00047482640424660865,0.000417382419014645,0.0003503764368912777,0.0,0.0,0.0,0.0,0.0,b'PG 1101+529',B,False,b'                  ',b'     ',0
1.1444221890463064e-05,0.2401991560566406,0.3359969120958969,0.08313827589334816,0.3247327561959127,0.0,0.0,0.0,0.0159214555363112,0.0,0.0,0.0,0.0,0.0,0.0,0.0,0.0,0.0,0.0,0.0,0.0,0.0,0.0,0.0,0.0,b'GALEX J175340.5-500741',B,False,b'1FGL J1754.0-5002 ',b'bcu  ',0
0.019408932899283395,0.11802365987958459,0.13048162135864824,0.07962057663042332,0.11176387546894848,0.0,0.0020116103631401382,0.00205846335243579,0.007647927952407472,0.01457281732693053,0.029753837508425144,0.009383033451271196,0.09452437090000589,0.18261779461867847,0.1979442730193221,0.0,0.0,0.0,0.0,0.0,1.956963242525094e-06,0.00012553115104557537,5.7295494929754386e-05,0.0,2.421661277535749e-06,b'HD 306182',B,False,b'                  ',b'spp  ',0
0.06949969956221413,0.3589957331657239,0.1564745621308573,0.15708965758105678,0.23860505100083168,0.0,0.0,0.00016222333139173536,0.00147949449621072,0.001660020856839807,0.0,0.0021737685774977163,0.0,0.0,0.0,0.0,0.00046785723937092306,0.0033893234044547055,0.010002608653550609,0.0,0.0,0.0,0.0,0.0,0.0,b'GSC 05698-00468',B,False,b'                  ',b'spp  ',0
0.0023274922183536303,0.029625993088012646,0.013587338714580576,0.023664610241733476,0.03519276086094593,0.0,0.0,0.0053663860193164,0.004673922316513274,0.0,0.0,0.013076205038117857,0.15692116104036438,0.2283923849430784,0.4871717455189835,0.0,0.0,0.0,0.0,0.0,0.0,0.0,0.0,0.0,0.0,b'EM* GGA  394',B,False,b'                  ',b'spp  ',0
0.47436030338323604,0.05781021475654719,0.2687819126645238,0.07113207675875698,0.12368099507070035,0.0,2.177614609113087e-07,1.3001156856815592e-08,9.056959172322637e-09,7.780050666096895e-09,6.745003053270947e-09,8.152340990676616e-09,0.0,0.0,0.0,0.0,0.0,0.0,0.0,0.0,5.6043115495281286e-05,1.5455483835874188e-05,0.00027549420236001827,0.0011326828376271526,0.002754559229945609,b'MAC 1-490',B,False,b'                  ',b'bcu  ',0
1.794201455396411e-08,0.001889635831749485,0.00023979653725117857,0.001084121428661194,0.0016145617480355884,0.0,0.0001406106656387534,0.00013122558913018304,0.0013122558913018305,0.0,0.0,0.003366807189088521,0.17865630833890475,0.3373015823817964,0.4742617965160369,0.0,0.0,0.0,0.0,0.0,3.120916467441951e-08,9.91555066911089e-08,5.168886619768927e-07,2.835542466591043e-07,3.491328106227679e-07,b'LS  IV -03    6',B,False,b'1FGL J1842.9-0359c',b'     ',0
0.03306259526767565,0.1803522355209436,0.1641442051646205,0.10767224156203921,0.25157350612321844,0.0,0.00013620495611131546,6.969354318488513e-05,0.0002793786312297885,0.0004991062867798312,0.004448287509595941,0.0006489232890698038,0.041705465371258334,0.07765929245230098,0.137465153287225,0.0,0.0,0.0,0.0,0.0,3.768380036178466e-05,1.7535604173813176e-05,1.2604691137360111e-05,0.0002158869390737244,0.0,b'Cl Trumpler   16   215',B,False,b'1FGL J1045.2-5942 ',b'BIN  ',0
5.540598175736352e-05,0.001172658923369275,3.451522455300605e-05,0.0009084178426642896,0.0006644175059605848,0.0,0.009178473765138155,0.003915349953799202,0.01103495063334816,0.0,0.0,0.02057646252238127,0.2348391302626646,0.3197203559484473,0.3978968993080321,0.0,0.0,0.0,0.0,0.0,1.207144522313449e-07,1.742773184143784e-07,1.0029946191659817e-07,1.6207252316616128e-07,2.4047641290799193e-06,b'BD-14  5057',B,False,b'                  ',b'     ',0
0.012860863736836745,0.08632903336803781,0.29219799749634706,0.011754808211151779,0.18115397318830698,0.0,0.0,0.03601153354576103,0.028605015559625125,0.0,0.0,0.03668952808897003,0.10652272984402952,0.0958168318281309,0.11205768513280312,0.0,0.0,0.0,0.0,0.0,0.0,0.0,0.0,0.0,0.0,b'TYC 8958-1269-1',B,False,b'                  ',b'PSR  ',0
0.007383315841097933,0.008812450146724429,5.989609447319165e-07,0.011503281742700157,6.679522819518192e-07,0.0,0.0,0.013712098229618646,0.007363841152849512,0.0,0.0,0.027676057289930202,0.16792069122581554,0.26798117188627835,0.48764582557175845,0.0,0.0,0.0,0.0,0.0,0.0,0.0,0.0,0.0,0.0,b'EM* GGR  129',B,False,b'                  ',b'     ',0
0.08550028865568171,0.24239633624482368,0.28514092186161505,0.1391664005291665,0.2477960408155364,0.0,0.0,0.0,0.0,0.0,0.0,2.656644089178001e-09,0.0,0.0,0.0,5.243640460521601e-10,3.959434521338723e-09,2.441372682657845e-09,1.4609407421808103e-09,8.504208467282533e-10,0.0,0.0,0.0,0.0,0.0,b'SDSS J085023.10+485826.3',B,False,b'1FGL J0849.9+4852 ',b'bll  ',0
0.0021297963927907884,0.04507680697551917,0.0013267592851486064,0.03491942535962851,0.025540094455845302,0.0,0.01768282759428301,0.02497769078134459,0.02497769078134459,0.0,0.0,0.031655693785108255,0.21604867431890523,0.26825783926529606,0.30729283731924223,0.0,0.0,0.0,0.0,0.0,4.64024274573685e-06,6.69919009340296e-06,3.855494035360863e-06,6.230039866840132e-06,9.243871880217013e-05,b'LS  IV -14   70',B,False,b'                  ',b'     ',0
0.014666960515279274,0.3104239214146088,0.009136801111328715,0.24047455179262442,0.1758832713814174,0.0,0.24863036522407528,0.0,0.0,0.0,0.0,0.0,0.0,0.0,0.0,0.0,0.0,0.0,0.0,0.0,3.195528800941061e-05,4.613434266152555e-05,2.65510726635395e-05,4.2903513709038326e-05,0.0006365843436225662,b'LS  IV -14   72',B,False,b'                  ',b'     ',0
0.0010032508397768776,0.0016182437562116945,7.091963434650083e-08,0.0012837054605141845,0.00020623678347514974,0.0,0.0010126072726394173,0.0003948577309129667,0.0016048736682090345,0.001668941253468346,0.025848814518385783,0.0,0.1388165114597177,0.31077173155854426,0.5157518814610952,0.0,0.0,0.0,0.0,0.0,1.6227827762978267e-06,7.659179164707012e-06,4.872482922992733e-06,3.099776085157765e-06,1.0190964659263266e-06,b'CPD-58  2608B',B,False,b'                  ',b'     ',0
0.06659400318253997,0.21994297206750887,0.260278950327277,0.1406242108370496,0.3125597649738952,0.0,0.0,0.0,0.0,0.0,0.0,1.325765547867244e-08,0.0,0.0,0.0,4.341765768585097e-08,2.562514306273567e-08,9.113115903174025e-09,4.381936707413161e-09,2.816220560949909e-09,0.0,0.0,0.0,0.0,0.0,b'SDSS J104238.64+240826.6',B,False,b'1FGL J1043.1+2404 ',b'fsrq ',0
0.0006537988878623855,0.0025188894720290407,0.00023824549265414496,0.0020099345555732806,0.00010980992678773154,0.0,0.0,0.0005198501839126296,0.001802511996443722,0.0,0.0,0.004876156568775623,0.16027934859580376,0.31541198698211054,0.5115372669532114,0.0,0.0,0.0,0.0,0.0,0.0,0.0,1.3116574396245066e-08,2.524332156192108e-06,3.9662936105202394e-05,b'Hen 3-1611',B,False,b'                  ',b'spp  ',0
5.837190539495721e-13,2.0669941451267908e-11,1.9494064347339665e-11,6.80315959763419e-12,3.086738850390763e-11,0.0,0.0,0.0,0.0,0.0,0.0,0.0,0.0,0.0,0.0,0.0,0.0,0.0,0.0,0.0,0.0,0.0,0.0,0.0,0.0,b'LS III +50    6',B,True,b'1FGL J2046.0+4954 ',b'SNR  ',0
0.0005918823358214987,0.0063654934053351585,0.0032116588622843126,0.00380703047331811,0.004705104538244132,0.0,0.0,0.0012461105938769896,0.005695822352943294,0.0,0.0,0.008956872578858405,0.218050264957818,0.3432070249111064,0.4041627349903936,0.0,0.0,0.0,0.0,0.0,0.0,0.0,0.0,0.0,0.0,b'LS III +45   57',B,False,b'1FGL J2111.3+4607 ',b'PSR  ',0
0.014294544278597547,0.18195122916182319,0.08344810493985717,0.1453387539896883,0.21614013333575519,0.0,0.0,0.0369797675432499,0.02937404767195303,0.0,0.0,0.020261149909983314,0.07761822853445466,0.0920373456761919,0.10255669495844595,0.0,0.0,0.0,0.0,0.0,0.0,0.0,0.0,0.0,0.0,b'TYC  158-2839-1',B,False,b'                  ',b'spp  ',0
0.08428903874846291,0.13791748511475152,0.5477621472178973,0.09817858214290279,0.13154563827376906,0.0,0.00026154408277903303,2.867773589079131e-05,1.688668354673839e-05,0.0,0.0,0.0,0.0,0.0,0.0,0.0,0.0,0.0,0.0,0.0,0.0,0.0,0.0,0.0,0.0,b'EC 20443-3134',B,False,b'                  ',b'     ',0
0.21553756216110645,0.06848725706053466,0.45487978780562577,0.13705767195239255,0.11757201764062541,0.0,0.005762192198629705,0.00045770779878036045,0.000245803382305005,0.0,0.0,0.0,0.0,0.0,0.0,0.0,0.0,0.0,0.0,0.0,0.0,0.0,0.0,0.0,0.0,b'EC 19516-5652',B,False,b'                  ',b'bcu  ',0
0.0439868797669776,0.23994281257531427,0.21837945141835974,0.14324846266562746,0.33469645914995233,0.0,0.0,9.444503537752051e-08,1.3340704119364337e-06,0.0,6.826205204891693e-05,6.04336778639445e-06,0.0,0.006640170878839326,0.012652576990669497,0.0,0.0,0.0,0.0,0.0,5.0134987355248225e-05,2.332958154645967e-05,1.6769434736449996e-05,0.00028721861533903504,0.0,b'DETWC Tr 16 J104445.3-593920',B,False,b'1FGL J1045.2-5942 ',b'BIN  ',0
0.024858144363975297,0.15912919452569055,0.4955654134157044,0.06279483283353324,0.25765240224989155,0.0,0.0,0.0,0.0,0.0,0.0,2.690939552584065e-09,0.0,0.0,0.0,4.270744719586231e-10,3.7196677268781177e-09,2.2310228821271748e-09,1.5903937686779162e-09,1.95210628631691e-09,0.0,0.0,0.0,0.0,0.0,b'SDSS J020438.26+150820.5',B,False,b'1FGL J0204.5+1516 ',b'bcu  ',0
0.015706086053138203,0.031922833966215945,8.305312913553333e-05,0.01394199125336021,0.05286052183730712,0.0,0.0,0.008964476312992808,0.042906711403362455,0.0,0.0,0.025693608960782165,0.20822127405409657,0.27259989192805983,0.32698301852033124,0.0,0.0,0.0,0.0,0.0,5.4517076663120456e-06,1.0433521886636512e-05,1.4912608212273941e-05,8.34125096381329e-06,7.739349248882873e-05,b'LS  II +38   34',B,False,b'                  ',b'bcu  ',0
0.47435940692094275,0.05781010550483003,0.26878140471129053,0.07113194233093029,0.12368076133413411,0.0,5.069682721790486e-08,4.786093316767387e-08,1.7782010273954e-08,1.3061109746130233e-07,1.905379741964263e-06,0.0,0.0,0.0,0.0,0.0,0.0,0.0,0.0,0.0,5.6043009583088634e-05,1.5455454627573272e-05,0.00027549368172167084,0.0011326806970444628,0.0027545540242855516,b'LGGS J004032.13+404522.5',B,False,b'                  ',b'bcu  ',0
0.013786073736996087,0.013775836096814422,0.0008322076472642503,0.014940398153605684,0.00497106266784231,0.0,0.0,0.004545151445438577,0.020302427912205965,0.0,0.0,0.02131808341272337,0.22518945684876446,0.3217716565681234,0.358549128632976,0.0,0.0,0.0,0.0,0.0,2.1505256686599142e-07,0.0,1.941680273375258e-07,1.5068422191348915e-06,1.6600814432263827e-05,b'LS  IV -05   11',B,False,b'                  ',b'PWN  ',0
0.23026939461866178,0.07839325905239214,0.44202612474260083,0.077335027691887,0.1719761001582639,0.0,0.0,0.0,0.0,0.0,0.0,1.787616855165709e-08,0.0,0.0,0.0,1.9515232505005825e-08,2.1896412544425532e-08,1.480378914281479e-08,1.0724412272355412e-08,8.920179161551211e-09,0.0,0.0,0.0,0.0,0.0,b'SDSS J134029.74+441346.8',B,False,b'1FGL J1340.6+4406 ',b'bll  ',0
0.001693746742770712,0.042927297878867905,0.0026057594886556307,0.017893223104811295,0.041343047408176674,0.0,0.0,0.0,0.0,0.0,0.0,0.0,5.505410435404431e-07,0.0006618972536377497,0.8928731018513921,0.0,0.0,0.0,0.0,0.0,2.4550369353340452e-08,2.98455252598445e-07,3.760724265312053e-07,0.0,6.766525959099156e-07,b'GCIRS  1W',B,False,b'                  ',b'     ',0
0.008627094047684187,0.01970981753584924,0.07057644671034449,0.019328381079681583,0.030080364964017947,0.0,0.0,0.0,0.0,0.0,0.0,0.0,5.247407448387136e-07,0.0006308784094406161,0.8510299132266855,0.0,0.0,0.0,0.0,0.0,3.6421230081194844e-08,1.5328224165047568e-07,5.558784437020942e-08,5.517958474191106e-07,1.5782198388117616e-05,b'GCIRS  1W',B,False,b'1FGL J1745.6-2900c',b'spp  ',0
0.05950268468710981,0.13888031110392568,0.4101981778685677,0.2333360008612684,0.15808261569088483,0.0,0.0,0.0,0.0,0.0,0.0,4.689483698806658e-08,0.0,0.0,0.0,6.356589733725585e-09,6.748778254640287e-08,4.132605101666053e-08,2.6867275759052012e-08,2.0855707623986174e-08,0.0,0.0,0.0,0.0,0.0,b'SDSS J065306.66+281832.1',B,False,b'                  ',b'bcu  ',0
0.027889925187741523,0.20328575929050144,0.3323196406507286,0.1225039807444955,0.3140000564360278,0.0,0.0,0.0,0.0,0.0,0.0,1.4555212529353322e-07,0.0,0.0,0.0,3.942027612698212e-08,2.161324529809249e-07,1.1395151526328546e-07,7.323501279734414e-08,4.93991225448587e-08,0.0,0.0,0.0,0.0,0.0,b'SDSS J232339.56-031507.7',B,False,b'1FGL J2323.5-0315 ',b'fsrq ',0
0.00868941835975687,0.058328048790352686,0.19742302663984598,0.007942114027135008,0.1223963407727193,0.0,0.026071311173174162,0.03598837712340335,0.05573946511992563,0.0,0.0,0.05608705655534923,0.13968924328337104,0.137772470433614,0.15387312772135286,0.0,0.0,0.0,0.0,0.0,0.0,0.0,0.0,0.0,0.0,b'TYC 8958-3477-1',B,False,b'                  ',b'PSR  ',0
0.47436036740476706,0.057810222558840996,0.26878194894038715,0.07113208635902164,0.12368101176317357,0.0,9.461970034846517e-08,8.850794141863415e-09,6.471166291587412e-09,6.501019392425457e-09,7.585442086834003e-09,3.5049542922597026e-09,0.0,0.0,0.0,0.0,0.0,0.0,0.0,0.0,5.604312305908043e-05,1.545548592180703e-05,0.00027549423954179866,0.0011326829904984804,0.0027545596017117496,b'MAC 1-531',B,False,b'                  ',b'bcu  ',0
4.768136886304712e-05,0.0006241505471113085,0.001765308259589529,0.00020565179454166431,0.0008608857124549969,0.0,0.28753375519604707,0.06437084612210284,0.07739076532334202,0.022839597957305408,0.0,0.08540613942605557,0.08683371434155572,0.11186365078390284,0.13698983189581787,0.0,0.02683422786529781,0.068974561904838,0.027459231501174425,0.0,0.0,0.0,0.0,0.0,0.0,b'HD  92406',B,False,b'                  ',b'     ',0
0.0011330846238014809,0.0003762037901732522,0.00010529168218905619,0.0005889589573503755,0.002792398424694335,0.0,0.0,0.00023849813523544398,0.0008462218303006213,0.0,0.0,0.004417578029556438,0.20440174478312403,0.3368872744319502,0.44821274531162475,0.0,0.0,0.0,0.0,0.0,0.0,0.0,0.0,0.0,0.0,b'LS III +60   19',B,False,b'                  ',b'spp  ',0
0.0006230941454748193,0.0026171060802222634,0.0066372801522089405,0.0016422905246800956,0.003615766719702406,0.0,0.1349789477476188,0.03164214553913179,0.05373613417209277,0.0,0.0,0.06662947958584818,0.20571485271244028,0.23673666181298456,0.2554262408075951,0.0,0.0,0.0,0.0,0.0,0.0,0.0,0.0,0.0,0.0,b'HD 295998',B,False,b'                  ',b'     ',0
0.15036708084427744,0.14206048635029112,0.17927352145163647,0.11895302753941965,0.08464024525463816,0.0,0.0,0.10827045233645363,0.06088494964583986,0.044107212082719484,0.029141389547496732,0.05167846202885797,0.013381659003391624,0.009215316515231324,0.008026197399746426,0.0,0.0,0.0,0.0,0.0,0.0,0.0,0.0,0.0,0.0,b'TYC 9044-1653-1',B,False,b'                  ',b'bll  ',0
0.017694280802159526,0.01682229740273942,0.028014501915016657,0.0226604039916929,0.008850680305043374,0.0,0.0,0.0028567032744735185,0.01111386930105144,0.009033688946597467,0.0,0.019799966900733344,0.22328769044047672,0.3103590620449075,0.3295068546751082,0.0,0.0,0.0,0.0,0.0,0.0,0.0,0.0,0.0,0.0,b'LS  IV -07    3',B,False,b'1FGL J1745.6-0751 ',b'bll  ',0
0.20460926034020724,0.16669157093213446,0.2094793007509606,0.25898291596191875,0.16017614238251338,0.0,0.0,2.690610829174176e-05,1.3178029220269262e-05,4.264338278017549e-06,0.0,1.2710161813228253e-05,1.5130416592493102e-06,2.2379530029921547e-06,0.0,0.0,0.0,0.0,0.0,0.0,0.0,0.0,0.0,0.0,0.0,b'PG 0042+211',O,False,b'1FGL J0045.3+2127 ',b'bll  ',0
5.509903296830186e-12,3.005581894108222e-11,2.7354739997568704e-11,1.7943650035839528e-11,4.1924890637325286e-11,0.0,0.0,0.0,0.0,0.0,0.0,0.0,0.0,0.0,0.0,0.0,0.0,0.0,0.0,0.0,6.280030172147003e-15,2.922319995359362e-15,2.1005800872857244e-15,3.5977700713284515e-14,0.0,b'LLNS  2720',O,True,b'1FGL J1045.2-5942 ',b'BIN  ',0
5.340412458759423e-05,8.614086103236728e-05,3.7751286499690076e-09,6.833302662604415e-05,1.0978206488918638e-05,0.0,0.1616614787984645,0.7737601793829144,0.06435850911635686,0.0,0.0,0.0,0.0,0.0,0.0,0.0,0.0,0.0,0.0,0.0,8.638247796860558e-08,4.077063702649754e-07,2.5936752281044677e-07,1.6500442529629633e-07,5.424760436304281e-08,b'CPD-58  2614',O,False,b'                  ',b'     ',0
0.011497611134418658,0.13026653497991902,0.0012570358140427038,0.07141646181612714,0.08274493801024808,0.0,0.0,0.0,0.0,0.0,0.0,0.0,1.0420310504747302e-05,0.012499141355714715,0.6900503165844742,0.0,0.0,0.0,0.0,0.0,4.29241525998176e-08,4.59729589352229e-08,3.4802470043744685e-07,1.875261709846368e-05,0.00023835045564032296,b'[MCD2010] 18',O,False,b'1FGL J1746.4-2849c',b'pwn  ',0
5.200767659310681e-13,6.562626743988617e-12,2.392331268816435e-16,4.952205746076064e-12,7.452352103331098e-12,0.0,0.0,0.0,0.0,0.0,0.0,0.0,0.0,0.0,0.0,0.0,0.0,0.0,0.0,0.0,6.571409983101813e-17,2.086820037274921e-15,1.7523500198167687e-15,3.683889859621691e-15,8.434970081995424e-16,b'[MCF2015] 22',O,True,b'                  ',b'     ',0
0.013536867774539085,0.34308621273207224,0.020825912611043162,0.14300732755000084,0.33042446785490337,0.0,0.0,0.0,0.0,0.0,0.0,0.0,0.0,1.4238349346402792e-05,0.1490939779283072,0.0,0.0,0.0,0.0,0.0,1.9621298471613097e-07,2.3853325819140724e-06,3.00566937373125e-06,0.0,5.40798484733744e-06,b'GCIRS  8',O,False,b'                  ',b'     ',0
0.05193260933162112,0.11864739719182255,0.42484978310931587,0.11635126012023117,0.1810750912873453,0.0,0.0,0.0,0.0,0.0,0.0,0.0,0.0,1.0221641096430386e-05,0.1070338348178887,0.0,0.0,0.0,0.0,0.0,2.1924526413288727e-07,9.227147321114612e-07,3.346227349915078e-07,3.321651301867957e-06,9.500426664576176e-05,b'GCIRS  8',O,False,b'1FGL J1745.6-2900c',b'spp  ',0
0.005244585657474676,0.059420517272447314,0.0005733914570762446,0.03257631058918103,0.03774374607418137,0.0,0.0,0.0,0.0,0.0,0.0,0.0,5.128427490162159e-05,0.02290782401243955,0.8413648649061732,0.0,0.0,0.0,0.0,0.0,1.957966680664228e-08,2.0970366647865692e-08,1.587499638857322e-07,8.553925291515762e-06,0.0001087225308361411,b'[MCD2010] 13',O,False,b'1FGL J1746.4-2849c',b'pwn  ',0
2.3463438222947107e-12,9.50143869805933e-12,4.876565297271783e-12,3.966642552506385e-12,7.034324511572635e-12,0.0,0.0,0.0,0.0,0.0,0.0,0.0,0.0,0.0,0.0,0.0,0.0,0.0,0.0,0.0,0.0,0.0,0.0,0.0,0.0,b'[BKH2005] 16164nr3636',O,True,b'                  ',b'     ',0
9.25850235940107e-05,8.534275526782499e-05,0.0001276928682969948,0.00015913657727483703,0.00010442415949708918,0.0,0.0,3.735904625059794e-08,5.921007207533456e-07,0.0,0.0,4.273610925120117e-05,0.06892798368440703,0.28866578781880886,0.6417936815438352,0.0,0.0,0.0,0.0,0.0,0.0,0.0,0.0,0.0,0.0,b'TYC 3156-998-1',O,False,b'                  ',b'SFR  ',0
6.4620855614218825e-06,0.19998302209169963,0.35054524904750833,0.1556326140353277,0.2541917584938734,0.0,0.01767236610662367,0.0023030078841581075,0.0019646951840960225,0.0,0.0013161197134003953,0.0018327160197016482,0.0007893966375000232,0.0011099285832602856,0.0007166307761190305,0.0,0.0,0.0,0.0,0.0,0.0,8.268948007777608e-05,0.002724933964707723,0.006117940765695444,0.003010469130689719,b'BI  23',B0Ve,False,b'                  ',b'pwn  ',0
1.5405407841086795e-05,0.00012876218839687334,8.061673130727633e-05,2.8578164095166362e-05,0.0001254054123668091,0.0,0.0007863859837098755,0.0007171926040567598,0.0035944761934173764,0.0,0.0,0.009196775897733265,0.23422634489107502,0.34406108786531175,0.4070389686606888,0.0,0.0,0.0,0.0,0.0,0.0,0.0,0.0,0.0,0.0,b'BD+40  4185',B0Ve,False,b'                  ',b'     ',0
0.04643062563520342,0.23222327969605552,0.2710247717229405,0.14526825535685375,0.30437475826897475,0.0,0.0,0.0001028122872296754,6.950962484610822e-05,0.0,0.0,7.016891972247798e-05,3.0482118208563157e-05,1.733980877368141e-05,2.9177299241774445e-05,0.0,0.0,0.0,0.0,0.0,3.2140947165702346e-06,3.3350533988797506e-06,3.900038282179674e-05,0.00012301719833798027,0.0001902525326744873,b'AzV 236',B0Ve,False,b'1FGL J0101.3-7257 ',b'GAL  ',0
0.0002917391487853686,0.012201484869958713,0.036772677739362956,0.00432883642103493,0.04183368933936319,0.0,0.0,0.0022646694911635616,0.011350254312912452,0.0,0.0,0.013076911604050606,0.2182755219818825,0.3104594711759747,0.3491447439155111,0.0,0.0,0.0,0.0,0.0,0.0,0.0,0.0,0.0,0.0,b'TYC 8156-841-1',B0Ve,False,b'                  ',b'     ',0
2.6875919442740737e-05,9.79742603489823e-05,0.0006212096415656504,8.562025565307561e-05,0.00026995966547610056,0.0,0.00010597559435522346,8.039073056201661e-05,0.000785607727219307,0.0011097018721294932,0.0,0.0019059251442082193,0.16263189829062755,0.3259911252416194,0.5002719169115879,0.0,0.0001928439816724933,0.0016040066560847935,0.004218968107446949,0.0,0.0,0.0,0.0,0.0,0.0,b'HD 326775',B0Ve,False,b'                  ',b'     ',0
0.005009687407612981,0.030463377135019235,0.03367893221319136,0.020551062863793153,0.028847648784621687,0.0,0.1680165677591594,0.03675803282792838,0.06242416720765602,0.0,0.0,0.06597083353308868,0.16495014001843564,0.1812809218794284,0.20200030835725907,0.0,0.0,0.0,0.0,0.0,5.051165957506814e-07,3.240115414482168e-05,1.4788681116680124e-05,0.0,6.250609485090615e-07,b'HD 306179',B0Ve,False,b'                  ',b'spp  ',0
0.00018236487131956873,0.001078856139953908,0.00594118895602981,0.000651245503728999,0.003990974294467026,0.0,0.08114765627402278,0.01991935953986195,0.04357882568623304,0.0,0.0,0.046781634218328004,0.20477430212290296,0.25367394712307095,0.338279645270081,0.0,0.0,0.0,0.0,0.0,0.0,0.0,0.0,0.0,0.0,b'HD 298377',B0Ve,False,b'                  ',b'     ',0
0.005783986830730048,0.03155090962159659,0.028715468744252657,0.018836235394953653,0.04401039406001765,0.0,0.0005383731059119323,0.00015455517099653642,0.0004876218250510017,0.0,0.00765743351518174,0.002420934831703168,0.14490509702981097,0.30555054798441444,0.4093388093361069,0.0,0.0,0.0,0.0,0.0,6.592422744185433e-06,3.0676873000768716e-06,2.2050709254269615e-06,3.7767368303051745e-05,0.0,b'Cl Trumpler   16   245',B0Ve,False,b'1FGL J1045.2-5942 ',b'BIN  ',0
1.4992981987284288e-05,3.9194576630024855e-05,0.0002651652008610962,1.8209192557358667e-05,0.00012985334058596162,0.0,0.21125459757463314,0.04516542415040173,0.06528387739232672,0.0,0.0,0.08211183898362756,0.20361340909389786,0.19266649977501538,0.19943693773747595,0.0,0.0,0.0,0.0,0.0,0.0,0.0,0.0,0.0,0.0,b'HD 192039',B0Ve,False,b'                  ',b'     ',0
0.004514540152108957,0.007281953947770511,3.191320895394108e-07,0.0057765611701473246,0.0009280473067407876,0.0,0.05255878352426613,0.010342963137079766,0.01979910316244821,0.0,0.07221789732868221,0.026323565080948956,0.18562851351412132,0.2751979329763302,0.3393475912531576,0.0,0.0,0.0,0.0,0.0,7.302379137182393e-06,3.4465629631524865e-05,2.192574271974498e-05,1.3948718549893381e-05,4.585844069983479e-06,b'Cl Trumpler   14     4',B0Ve,False,b'                  ',b'     ',0
2.8456859212246195e-12,4.600288891312652e-11,1.4188471551970421e-11,3.224834629480544e-11,3.170300127667044e-11,0.0,7.585777735200581e-14,8.317639156842272e-14,1.12201894500024e-12,0.0,0.0,4.354114067657424e-12,3.013006653783649e-10,5.649367852040485e-10,8.491802795351706e-10,0.0,0.0,0.0,0.0,0.0,5.17367987924599e-17,1.5469399744808455e-16,1.521890033903277e-15,6.733739970539086e-15,3.59255005518712e-15,b'[MT91] 213',B0Ve,False,b'1FGL J2032.2+4127 ',b'PSR  ',1
0.002218830406135564,0.026135583819604957,0.011773185058029562,0.006024427435180291,0.011120776249997846,0.0,0.17810905780179842,0.02574458252240728,0.0339379604484934,0.03987359873165264,0.0,0.05313564788188014,0.1533505973974786,0.16970166282587823,0.18693297368331308,0.0,0.0331654206747525,0.03636515744158875,0.03241053762180868,0.0,0.0,0.0,0.0,0.0,0.0,b'CPD-59  2674',B0Ve,False,b'                  ',b'     ',0
0.010690124954304613,0.058313266635544495,0.053072726128379495,0.034813652923779956,0.08134123149972514,0.0,0.017940659682371567,0.004147999816922135,0.010347585923609388,0.0,0.05174143225562687,0.015978601422397317,0.15199834464874026,0.2453799317632198,0.2641427100906118,0.0,0.0,0.0,0.0,0.0,1.2184298641988244e-05,5.66978479002102e-06,4.075473270561205e-06,6.980269806456444e-05,0.0,b'CPD-59  2596',B0Ve,False,b'1FGL J1045.2-5942 ',b'BIN  ',0
0.011165483291234363,0.05306702855957704,0.17260237213517246,0.033846742690434896,0.12125993037749001,0.0,0.0,0.0,0.0,0.0,0.0,0.0,0.00533530979606031,0.10403024080117562,0.4979203874752796,0.0,0.0,0.0,0.0,0.0,8.42251503708629e-07,1.8458722225517052e-06,3.147449100259527e-06,0.00011122619499536334,0.0006554431057538421,b'[LCL2005b] G305.3+0.2 A2',B0Ve,False,b'                  ',b'     ',0
0.0177953595588018,0.1082116917453243,0.11963395308447425,0.07300127197976082,0.10247231828641741,0.0,0.09033344094638261,0.022690714531706558,0.0376572359110149,0.0442433633081106,0.061072890803548954,0.03954108837204509,0.09201294420591291,0.09657146857128789,0.09459061684776715,0.0,0.0,0.0,0.0,0.0,1.7942699232773626e-06,0.00011509504310609214,5.253219940866144e-05,0.0,2.2203350069269944e-06,b'CPD-59  3179',B0Ve,False,b'                  ',b'spp  ',0
0.0006934545491710044,0.003782706020583696,0.003442758950709162,0.0022583165394651876,0.005276500252313973,0.0,0.03979917088885743,0.008548182853126852,0.014121284913592238,0.01379983795249291,0.060655981648241736,0.0,0.18149907729527448,0.2684568548329281,0.3325630205981027,0.0,0.013485708183096254,0.02343551396826815,0.02817568000131324,0.0,7.903796595326567e-07,3.6779159011396244e-07,2.643706684043469e-07,4.5280105447028415e-06,0.0,b'CPD-58  2649',B0Ve,False,b'1FGL J1045.2-5942 ',b'BIN  ',0
7.10516779305404e-05,0.00022158585545998857,3.9063575472813103e-07,0.0001683424141930949,0.0005992791985095192,0.0,0.0575786073547638,0.011488447585867692,0.02456186109095486,0.015497493455678354,0.06764906601300484,0.04056594029058977,0.20618689438272716,0.22660079201799713,0.2566027605889079,0.0,0.019066088923194724,0.03237883036249265,0.04076256815197321,0.0,0.0,0.0,0.0,0.0,0.0,b'CD-59  3472',B0Ve,False,b'                  ',b'     ',0
0.046275267539458896,0.2314462544885,0.2701179157015444,0.1447821839499835,0.3033563123145977,0.0,0.002695190702384371,0.00024580433506120894,0.00016618409701831758,0.0001123542190373361,9.562880677995225e-05,0.00017955161473498765,7.77301557536604e-05,6.033772448100047e-05,3.166570741198614e-05,0.0,0.0,0.0,0.0,0.0,3.2033402710318077e-06,3.3238942224058627e-06,3.886988651412029e-05,0.00012260557955369396,0.0001896159426914208,b'AzV 216',B0Ve,False,b'1FGL J0101.3-7257 ',b'GAL  ',0
0.4743580660734538,0.05780994209595973,0.2687806449606325,0.07113174126590477,0.12368041173204791,0.0,3.5316687695881506e-06,4.908848332034913e-07,3.547961236688241e-07,3.622260203804468e-07,6.13733368016067e-08,1.7802432779080772e-07,0.0,0.0,0.0,0.0,0.0,0.0,0.0,0.0,5.604285116917805e-05,1.545541094042967e-05,0.0002754929029977624,0.0011326774953538327,0.0027545462381284884,b'MAC 1-159',B0Ve,False,b'                  ',b'bcu  ',0
0.04637038940590969,0.2319220075393326,0.2706731609042095,0.1450797932842656,0.30397988123513153,0.0,0.0011789101155261395,0.00012926491233450807,7.970409186057891e-05,0.0,4.802654053271165e-05,9.065279349750484e-05,3.8148803652616766e-05,2.7636343352432567e-05,2.4070278419012222e-05,0.0,0.0,0.0,0.0,0.0,3.209924948369388e-06,3.3307267063466773e-06,3.894978613114143e-05,0.00012285760341405273,0.00019000571077568428,b'AzV 233',B0Ve,False,b'1FGL J0101.3-7257 ',b'GAL  ',0
3.4498772593080136e-07,0.0505878633157455,0.02676505933150604,0.018899676584004654,0.052557355188894754,0.0,0.10455881573068604,0.04564151432271738,0.057459312683950145,0.0,0.0,0.060962117296683035,0.16381752132179364,0.2129907147218423,0.2057597045144506,0.0,0.0,0.0,0.0,0.0,0.0,0.0,0.0,0.0,0.0,b'LS   I +62   58',B0Ve,False,b'                  ',b'     ',0
2.1555772167932106e-14,6.044180780767226e-12,1.581543157855616e-14,1.629961139989237e-12,9.804837497290672e-12,0.0,0.0,0.0,0.0,0.0,0.0,0.0,0.0,0.0,0.0,0.0,0.0,0.0,0.0,0.0,0.0,0.0,0.0,0.0,0.0,b'BBRW W3 (c)',B0Ve,True,b'                  ',b'     ',0
2.1555772167932106e-14,6.044180780767226e-12,1.581543157855616e-14,1.629961139989237e-12,9.804837497290672e-12,0.0,0.0,0.0,0.0,0.0,0.0,0.0,0.0,0.0,0.0,0.0,0.0,0.0,0.0,0.0,0.0,0.0,0.0,0.0,0.0,b'[WBN72] W 3 IRS  2b',B0Ve,True,b'                  ',b'     ',0
0.00026261318266002087,0.07363603303300652,0.00019267882354802554,0.019857756857419646,0.11945197604465269,0.0,0.0,0.0,0.0,0.0,0.0,7.853303964941751e-11,0.0,0.0,0.78659894198018,0.0,0.0,0.0,0.0,0.0,0.0,0.0,0.0,0.0,0.0,b'2MASS J02254709+6206131',B0Ve,False,b'                  ',b'     ',0
0.02639042477328106,0.4191407591784021,1.683992891932274e-05,0.29660485486538424,0.09565184649253557,0.0,0.0,0.0,0.0,0.0,0.0,0.0,0.010352717553461682,0.05957370279885133,0.09226885440916467,0.0,0.0,0.0,0.0,0.0,0.0,0.0,0.0,0.0,0.0,b'2MASS J18444314-0346178',B0Ve,False,b'1FGL J1844.2-0342c',b'     ',0
0.0007519381860478919,0.012155708605893132,0.003749132496319023,0.008521236597159318,0.008377135752913576,0.0,0.00010764524015601381,0.00025822301370633064,0.0013243262382028696,0.0023550220815704744,0.0,0.0027822431169175162,0.17021396547305967,0.33650747554773885,0.45289276236477394,0.0,0.0,0.0,0.0,0.0,1.3670825141231854e-08,4.087602323433934e-08,4.0214108764509224e-07,1.7793095791071587e-06,9.49288026354342e-07,b'Schulte 21',B0Ve,False,b'1FGL J2032.2+4127 ',b'PSR  ',0
0.0007836088485569321,0.004765042194778824,0.005268015176376185,0.003214570769993675,0.004512312048320627,0.0,0.23968499706545557,0.047823465214073414,0.06755238079306422,0.030174579867479887,0.10462637867975239,0.06817753947634014,0.11793460032744775,0.12320867665894068,0.1260786418592155,0.0,0.0,0.0,0.05618763286606882,0.0,7.900968698799241e-08,5.068146777532601e-06,2.3132264428129404e-06,0.0,9.77712280799714e-08,b'HD 306181',B0Ve,False,b'                  ',b'spp  ',0
0.0009660127898463478,0.08644598996478087,0.1053501859825843,0.04048524975162751,0.11004037784762911,0.0,0.0,0.018604052065459696,0.030875060216850922,0.033083202731299076,0.0,0.0372913058915109,0.13602159612266665,0.15332287661071053,0.16580871574387357,0.0,0.0275174142980142,0.021857839924315236,0.03233012005883115,0.0,0.0,0.0,0.0,0.0,0.0,b'UCAC4 146-087591',B0Ve,False,b'1FGL J1134.8-6055 ',b'PSR  ',0
0.0007301828267149282,0.008600817087449867,0.003874373418238057,0.001982546048492427,0.0036596757530604823,0.0,0.16143328802204795,0.03147697972226481,0.04549816227797709,0.04149472969400332,0.0,0.05602651351285547,0.17782542814024438,0.22079728338019317,0.24660002011645804,0.0,0.0,0.0,0.0,0.0,0.0,0.0,0.0,0.0,0.0,b'CPD-59  2700',B0Ve,False,b'                  ',b'     ',0
0.04642266887566299,0.23218348387657317,0.27097832653921533,0.1452433609135651,0.3043225979388351,0.0,0.0,6.636973076776247e-05,0.00011271210269517013,0.0,0.0,6.196844445618887e-05,6.576129331813002e-05,7.128041068422906e-05,0.00011271210269517013,0.0,0.0,0.0,0.0,0.0,3.2135439210888027e-06,3.334481874856838e-06,3.8993699373881654e-05,0.00012299611703112467,0.00019021992933060083,b'AzV 228',B0Ve,False,b'1FGL J0101.3-7257 ',b'GAL  ',0
0.0028430932005518573,0.017288547837695966,0.019113436704985037,0.011663120338281582,0.016371591166911805,0.0,0.07750548263825803,0.021346808745271208,0.04358453581631561,0.06446626384533048,0.10698743323103059,0.050632934109297235,0.1763326669149244,0.18937947720056694,0.2024571857212514,0.0,0.0,0.0,0.0,0.0,2.8666330691258327e-07,1.8388273268145546e-05,8.39285873686814e-06,0.0,3.547340159260284e-07,b'V* EN Car',B0Ve,False,b'                  ',b'spp  ',0
0.046397625527390005,0.23205822929748962,0.27083214354779517,0.145165007381556,0.3041584269208366,0.0,0.0007975090687240446,7.793568466716651e-05,4.185389662245763e-05,0.0,2.2476898954080378e-05,5.015749367900224e-05,1.2408978135898279e-05,1.126512985985781e-05,1.639593958092497e-05,0.0,0.0,0.0,0.0,0.0,3.2118103305487603e-06,3.3326830426715175e-06,3.897266368555258e-05,0.00012292976508132002,0.0001901173125691335,b'OGLE SMC-SC8  83095',B0Ve,False,b'1FGL J0101.3-7257 ',b'GAL  ',0
0.04643839562661392,0.23226214139270232,0.27107012670404423,0.14529256545564953,0.30442569424549815,0.0,0.0,9.164684139184653e-05,6.055042508979715e-05,0.0,0.0,0.0,0.0,0.0,0.0,0.0,0.0,0.0,0.0,0.0,3.2146325832907155e-06,3.335611507582968e-06,3.900690938988377e-05,0.0001230377848056695,0.00019028437072371628,b'AzV 227',B0Ve,False,b'1FGL J0101.3-7257 ',b'GAL  ',0
0.00013432807820880393,0.037665233344546765,9.855627130587189e-05,0.010157351162558226,0.06110033859608304,0.0,0.0,2.894696484280388e-09,2.380147925563208e-07,0.0,0.0,5.8979784951014175e-06,0.03789689369465482,0.22110746605803228,0.6318336939066259,0.0,0.0,0.0,0.0,0.0,0.0,0.0,0.0,0.0,0.0,b'2MASS J02252738+6203432',B0Ve,False,b'                  ',b'     ',0
1.0571868794523676e-06,4.815262669247361e-05,9.331433150270497e-05,2.0170510084138175e-05,7.619708865879195e-05,0.0,0.570617937118332,0.0013688159495359932,0.003857854285428814,0.007020129039709432,0.0,0.08484871730711656,0.09127364945719965,0.09757660372059232,0.1069906090356363,0.0,0.0005204103608823527,0.00432857609809984,0.03135780588364923,0.0,0.0,0.0,0.0,0.0,0.0,b'HD 104705',B0Ve,False,b'                  ',b'psr  ',0
5.929002388773451e-12,8.840735594649803e-11,1.3538363198419915e-10,4.055951321960564e-11,1.3179176914224614e-10,0.0,5.370312189167735e-12,2.454710804094289e-12,1.7782793722869992e-11,6.456548391612027e-11,2.818381633645402e-10,4.042964559351337e-11,2.393314107918755e-09,5.915620476955794e-09,1.2105986182576757e-08,0.0,0.0,0.0,0.0,0.0,0.0,0.0,2.872299886348488e-15,0.0,3.058639973360128e-14,b'LS   I +61  303',B0Ve,False,b'1FGL J0240.5+6113 ',b'HMB  ',1
4.394531810171825e-07,2.801004629083526e-06,4.3188455771688606e-05,2.497458195923346e-06,3.157188398717286e-05,0.0,0.0,4.0201112726493033e-05,0.0005810826674696785,0.0,0.0,0.0014042279506881184,0.09467554518965096,0.35337664354192405,0.5498418012817758,0.0,0.0,0.0,0.0,0.0,0.0,0.0,0.0,0.0,0.0,b'HD 330587',B0Ve,False,b'                  ',b'     ',0
8.837787814875548e-13,2.1943378103988414e-12,1.8343391042090624e-12,9.154530432250653e-13,1.7493463275042266e-12,0.0,0.0,0.0,0.0,0.0,0.0,0.0,0.0,0.0,0.0,0.0,0.0,0.0,0.0,0.0,4.363839893535821e-16,2.649270031304776e-15,5.332780098952625e-15,1.1474399582528745e-14,2.1304699744119944e-14,b'[CHP2004] J095549.8+693934',B0Ve,True,b'1FGL J0956.5+6938 ',b'sbg  ',0
8.837787814875548e-13,2.1943378103988414e-12,1.8343391042090624e-12,9.154530432250653e-13,1.7493463275042266e-12,0.0,0.0,0.0,0.0,0.0,0.0,0.0,0.0,0.0,0.0,0.0,0.0,0.0,0.0,0.0,4.363839893535821e-16,2.649270031304776e-15,5.332780098952625e-15,1.1474399582528745e-14,2.1304699744119944e-14,b'[MTK2001b] 8',B0Ve,True,b'1FGL J0956.5+6938 ',b'sbg  ',0
8.837787814875548e-13,2.1943378103988414e-12,1.8343391042090624e-12,9.154530432250653e-13,1.7493463275042266e-12,0.0,0.0,0.0,0.0,0.0,0.0,0.0,0.0,0.0,0.0,0.0,0.0,0.0,0.0,0.0,4.363839893535821e-16,2.649270031304776e-15,5.332780098952625e-15,1.1474399582528745e-14,2.1304699744119944e-14,b'[CHP2004] J095637.5+694137',B0Ve,True,b'1FGL J0956.5+6938 ',b'sbg  ',0
8.837787814875548e-13,2.1943378103988414e-12,1.8343391042090624e-12,9.154530432250653e-13,1.7493463275042266e-12,0.0,0.0,0.0,0.0,0.0,0.0,0.0,0.0,0.0,0.0,0.0,0.0,0.0,0.0,0.0,4.363839893535821e-16,2.649270031304776e-15,5.332780098952625e-15,1.1474399582528745e-14,2.1304699744119944e-14,b'CXOU J095601.7+694308',B0Ve,True,b'1FGL J0956.5+6938 ',b'sbg  ',0
8.837787814875548e-13,2.1943378103988414e-12,1.8343391042090624e-12,9.154530432250653e-13,1.7493463275042266e-12,0.0,0.0,0.0,0.0,0.0,0.0,0.0,0.0,0.0,0.0,0.0,0.0,0.0,0.0,0.0,4.363839893535821e-16,2.649270031304776e-15,5.332780098952625e-15,1.1474399582528745e-14,2.1304699744119944e-14,b'CXOU J095548.9+694010',B0Ve,True,b'1FGL J0956.5+6938 ',b'sbg  ',0
8.837787814875548e-13,2.1943378103988414e-12,1.8343391042090624e-12,9.154530432250653e-13,1.7493463275042266e-12,0.0,0.0,0.0,0.0,0.0,0.0,0.0,0.0,0.0,0.0,0.0,0.0,0.0,0.0,0.0,4.363839893535821e-16,2.649270031304776e-15,5.332780098952625e-15,1.1474399582528745e-14,2.1304699744119944e-14,b'CXOU J095527.1+693923',B0Ve,True,b'1FGL J0956.5+6938 ',b'sbg  ',0
8.837787814875548e-13,2.1943378103988414e-12,1.8343391042090624e-12,9.154530432250653e-13,1.7493463275042266e-12,0.0,0.0,0.0,0.0,0.0,0.0,0.0,0.0,0.0,0.0,0.0,0.0,0.0,0.0,0.0,4.363839893535821e-16,2.649270031304776e-15,5.332780098952625e-15,1.1474399582528745e-14,2.1304699744119944e-14,b'CXOU J095552.8+694020',B0Ve,True,b'1FGL J0956.5+6938 ',b'sbg  ',0
8.837787814875548e-13,2.1943378103988414e-12,1.8343391042090624e-12,9.154530432250653e-13,1.7493463275042266e-12,0.0,0.0,0.0,0.0,0.0,0.0,0.0,0.0,0.0,0.0,0.0,0.0,0.0,0.0,0.0,4.363839893535821e-16,2.649270031304776e-15,5.332780098952625e-15,1.1474399582528745e-14,2.1304699744119944e-14,b'CXOU J095552.4+694024',B0Ve,True,b'1FGL J0956.5+6938 ',b'sbg  ',0
8.837787814875548e-13,2.1943378103988414e-12,1.8343391042090624e-12,9.154530432250653e-13,1.7493463275042266e-12,0.0,0.0,0.0,0.0,0.0,0.0,0.0,0.0,0.0,0.0,0.0,0.0,0.0,0.0,0.0,4.363839893535821e-16,2.649270031304776e-15,5.332780098952625e-15,1.1474399582528745e-14,2.1304699744119944e-14,b'CXOU J095550.7+694039',B0Ve,True,b'1FGL J0956.5+6938 ',b'sbg  ',0
8.837787814875548e-13,2.1943378103988414e-12,1.8343391042090624e-12,9.154530432250653e-13,1.7493463275042266e-12,0.0,0.0,0.0,0.0,0.0,0.0,0.0,0.0,0.0,0.0,0.0,0.0,0.0,0.0,0.0,4.363839893535821e-16,2.649270031304776e-15,5.332780098952625e-15,1.1474399582528745e-14,2.1304699744119944e-14,b'CXOU J095547.5+694120',B0Ve,True,b'1FGL J0956.5+6938 ',b'sbg  ',0
8.837787814875548e-13,2.1943378103988414e-12,1.8343391042090624e-12,9.154530432250653e-13,1.7493463275042266e-12,0.0,0.0,0.0,0.0,0.0,0.0,0.0,0.0,0.0,0.0,0.0,0.0,0.0,0.0,0.0,4.363839893535821e-16,2.649270031304776e-15,5.332780098952625e-15,1.1474399582528745e-14,2.1304699744119944e-14,b'CXOU J095527.2+694050',B0Ve,True,b'1FGL J0956.5+6938 ',b'sbg  ',0
8.837787814875548e-13,2.1943378103988414e-12,1.8343391042090624e-12,9.154530432250653e-13,1.7493463275042266e-12,0.0,0.0,0.0,0.0,0.0,0.0,0.0,0.0,0.0,0.0,0.0,0.0,0.0,0.0,0.0,4.363839893535821e-16,2.649270031304776e-15,5.332780098952625e-15,1.1474399582528745e-14,2.1304699744119944e-14,b'CXOU J095600.7+694107',B0Ve,True,b'1FGL J0956.5+6938 ',b'sbg  ',0
0.04643581686371711,0.23224924368199387,0.27105507395349704,0.1452844972381342,0.3044087892324252,0.0,9.819584623550068e-05,0.0,1.7064473303460556e-05,0.0,0.0,1.125884073216452e-05,1.520875455816527e-05,1.778662263221071e-05,4.820511262880713e-05,0.0,0.0,0.0,0.0,0.0,3.2144540720583438e-06,3.335426278289883e-06,3.9004743303624835e-05,0.00012303095241471195,0.00019027380407367502,b'[MA93] 1147',B0Ve,False,b'1FGL J0101.3-7257 ',b'GAL  ',0
8.837787814875548e-13,2.1943378103988414e-12,1.8343391042090624e-12,9.154530432250653e-13,1.7493463275042266e-12,0.0,0.0,0.0,0.0,0.0,0.0,0.0,0.0,0.0,0.0,0.0,0.0,0.0,0.0,0.0,4.363839893535821e-16,2.649270031304776e-15,5.332780098952625e-15,1.1474399582528745e-14,2.1304699744119944e-14,b'CXOU J095549.1+694036',B0Ve,True,b'1FGL J0956.5+6938 ',b'sbg  ',0
8.837787814875548e-13,2.1943378103988414e-12,1.8343391042090624e-12,9.154530432250653e-13,1.7493463275042266e-12,0.0,0.0,0.0,0.0,0.0,0.0,0.0,0.0,0.0,0.0,0.0,0.0,0.0,0.0,0.0,4.363839893535821e-16,2.649270031304776e-15,5.332780098952625e-15,1.1474399582528745e-14,2.1304699744119944e-14,b'CXOU J095546.5+694040',B0Ve,True,b'1FGL J0956.5+6938 ',b'sbg  ',0
8.837787814875548e-13,2.1943378103988414e-12,1.8343391042090624e-12,9.154530432250653e-13,1.7493463275042266e-12,0.0,0.0,0.0,0.0,0.0,0.0,0.0,0.0,0.0,0.0,0.0,0.0,0.0,0.0,0.0,4.363839893535821e-16,2.649270031304776e-15,5.332780098952625e-15,1.1474399582528745e-14,2.1304699744119944e-14,b'CXOU J095552.7+694045',B0Ve,True,b'1FGL J0956.5+6938 ',b'sbg  ',0
8.837787814875548e-13,2.1943378103988414e-12,1.8343391042090624e-12,9.154530432250653e-13,1.7493463275042266e-12,0.0,0.0,0.0,0.0,0.0,0.0,0.0,0.0,0.0,0.0,0.0,0.0,0.0,0.0,0.0,4.363839893535821e-16,2.649270031304776e-15,5.332780098952625e-15,1.1474399582528745e-14,2.1304699744119944e-14,b'CXOU J095622.7+694134',B0Ve,True,b'1FGL J0956.5+6938 ',b'sbg  ',0
8.837787814875548e-13,2.1943378103988414e-12,1.8343391042090624e-12,9.154530432250653e-13,1.7493463275042266e-12,0.0,0.0,0.0,0.0,0.0,0.0,0.0,0.0,0.0,0.0,0.0,0.0,0.0,0.0,0.0,4.363839893535821e-16,2.649270031304776e-15,5.332780098952625e-15,1.1474399582528745e-14,2.1304699744119944e-14,b'CXOU J095551.4+694035',B0Ve,True,b'1FGL J0956.5+6938 ',b'sbg  ',0
8.837787814875548e-13,2.1943378103988414e-12,1.8343391042090624e-12,9.154530432250653e-13,1.7493463275042266e-12,0.0,0.0,0.0,0.0,0.0,0.0,0.0,0.0,0.0,0.0,0.0,0.0,0.0,0.0,0.0,4.363839893535821e-16,2.649270031304776e-15,5.332780098952625e-15,1.1474399582528745e-14,2.1304699744119944e-14,b'CXOU J095553.0+694048',B0Ve,True,b'1FGL J0956.5+6938 ',b'sbg  ',0
8.837787814875548e-13,2.1943378103988414e-12,1.8343391042090624e-12,9.154530432250653e-13,1.7493463275042266e-12,0.0,0.0,0.0,0.0,0.0,0.0,0.0,0.0,0.0,0.0,0.0,0.0,0.0,0.0,0.0,4.363839893535821e-16,2.649270031304776e-15,5.332780098952625e-15,1.1474399582528745e-14,2.1304699744119944e-14,b'CXOU J095614.7+694249',B0Ve,True,b'1FGL J0956.5+6938 ',b'sbg  ',0
8.837787814875548e-13,2.1943378103988414e-12,1.8343391042090624e-12,9.154530432250653e-13,1.7493463275042266e-12,0.0,0.0,0.0,0.0,0.0,0.0,0.0,0.0,0.0,0.0,0.0,0.0,0.0,0.0,0.0,4.363839893535821e-16,2.649270031304776e-15,5.332780098952625e-15,1.1474399582528745e-14,2.1304699744119944e-14,b'CXOU J095550.5+694056',B0Ve,True,b'1FGL J0956.5+6938 ',b'sbg  ',0
8.837787814875548e-13,2.1943378103988414e-12,1.8343391042090624e-12,9.154530432250653e-13,1.7493463275042266e-12,0.0,0.0,0.0,0.0,0.0,0.0,0.0,0.0,0.0,0.0,0.0,0.0,0.0,0.0,0.0,4.363839893535821e-16,2.649270031304776e-15,5.332780098952625e-15,1.1474399582528745e-14,2.1304699744119944e-14,b'CXOU J095544.8+694100',B0Ve,True,b'1FGL J0956.5+6938 ',b'sbg  ',0
8.837787814875548e-13,2.1943378103988414e-12,1.8343391042090624e-12,9.154530432250653e-13,1.7493463275042266e-12,0.0,0.0,0.0,0.0,0.0,0.0,0.0,0.0,0.0,0.0,0.0,0.0,0.0,0.0,0.0,4.363839893535821e-16,2.649270031304776e-15,5.332780098952625e-15,1.1474399582528745e-14,2.1304699744119944e-14,b'CXOU J095550.2+694039',B0Ve,True,b'1FGL J0956.5+6938 ',b'sbg  ',0
8.837787814875548e-13,2.1943378103988414e-12,1.8343391042090624e-12,9.154530432250653e-13,1.7493463275042266e-12,0.0,0.0,0.0,0.0,0.0,0.0,0.0,0.0,0.0,0.0,0.0,0.0,0.0,0.0,0.0,4.363839893535821e-16,2.649270031304776e-15,5.332780098952625e-15,1.1474399582528745e-14,2.1304699744119944e-14,b'[RVZ2004] 40.49+57.4',B0Ve,True,b'1FGL J0956.5+6938 ',b'sbg  ',0
8.837787814875548e-13,2.1943378103988414e-12,1.8343391042090624e-12,9.154530432250653e-13,1.7493463275042266e-12,0.0,0.0,0.0,0.0,0.0,0.0,0.0,0.0,0.0,0.0,0.0,0.0,0.0,0.0,0.0,4.363839893535821e-16,2.649270031304776e-15,5.332780098952625e-15,1.1474399582528745e-14,2.1304699744119944e-14,b'CXOU J095615.1+693951',B0Ve,True,b'1FGL J0956.5+6938 ',b'sbg  ',0
8.837787814875548e-13,2.1943378103988414e-12,1.8343391042090624e-12,9.154530432250653e-13,1.7493463275042266e-12,0.0,0.0,0.0,0.0,0.0,0.0,0.0,0.0,0.0,0.0,0.0,0.0,0.0,0.0,0.0,4.363839893535821e-16,2.649270031304776e-15,5.332780098952625e-15,1.1474399582528745e-14,2.1304699744119944e-14,b'[SST2011] J095554.56+694100.4',B0Ve,True,b'1FGL J0956.5+6938 ',b'sbg  ',0
8.837787814875548e-13,2.1943378103988414e-12,1.8343391042090624e-12,9.154530432250653e-13,1.7493463275042266e-12,0.0,0.0,0.0,0.0,0.0,0.0,0.0,0.0,0.0,0.0,0.0,0.0,0.0,0.0,0.0,4.363839893535821e-16,2.649270031304776e-15,5.332780098952625e-15,1.1474399582528745e-14,2.1304699744119944e-14,b'CXOU J095550.9+694044',B0Ve,True,b'1FGL J0956.5+6938 ',b'sbg  ',0
8.837787814875548e-13,2.1943378103988414e-12,1.8343391042090624e-12,9.154530432250653e-13,1.7493463275042266e-12,0.0,0.0,0.0,0.0,0.0,0.0,0.0,0.0,0.0,0.0,0.0,0.0,0.0,0.0,0.0,4.363839893535821e-16,2.649270031304776e-15,5.332780098952625e-15,1.1474399582528745e-14,2.1304699744119944e-14,b'CXOU J095552.2+694042',B0Ve,True,b'1FGL J0956.5+6938 ',b'sbg  ',0
8.837787814875548e-13,2.1943378103988414e-12,1.8343391042090624e-12,9.154530432250653e-13,1.7493463275042266e-12,0.0,0.0,0.0,0.0,0.0,0.0,0.0,0.0,0.0,0.0,0.0,0.0,0.0,0.0,0.0,4.363839893535821e-16,2.649270031304776e-15,5.332780098952625e-15,1.1474399582528745e-14,2.1304699744119944e-14,b'CXOU J095621.2+694224',B0Ve,True,b'1FGL J0956.5+6938 ',b'sbg  ',0
7.116912852547736e-13,2.4676045926156483e-11,3.384835814047823e-11,9.722445937560688e-12,3.8878230491893994e-11,0.0,0.0,0.0,0.0,0.0,0.0,0.0,0.0,0.0,0.0,0.0,0.0,0.0,0.0,0.0,5.317300147792286e-16,1.8560249465705728e-15,1.0469350520340182e-15,1.8987949487952803e-16,0.0,b'2FGL J1019.0-5856',B0Ve,True,b'1FGL J1018.6-5856 ',b'HMB  ',1
8.837787814875548e-13,2.1943378103988414e-12,1.8343391042090624e-12,9.154530432250653e-13,1.7493463275042266e-12,0.0,0.0,0.0,0.0,0.0,0.0,0.0,0.0,0.0,0.0,0.0,0.0,0.0,0.0,0.0,4.363839893535821e-16,2.649270031304776e-15,5.332780098952625e-15,1.1474399582528745e-14,2.1304699744119944e-14,b'CXOU J095554.1+694039',B0Ve,True,b'1FGL J0956.5+6938 ',b'sbg  ',0
0.1085542670972759,0.26952981646690705,0.22531128969867947,0.11244480660873074,0.21487165392441213,0.0,0.0,0.0,1.228296824616371e-06,0.0,0.0,0.0,0.013781723098501411,0.03974692707468232,0.010698007782541406,0.0,0.0,0.0,0.0,0.0,5.3600906844051256e-05,0.00032540899670277604,0.0006550236861970788,0.001409396857170684,0.0026168495045307094,b'SN 2004am',B0Ve,False,b'1FGL J0956.5+6938 ',b'sbg  ',0
8.837787814875548e-13,2.1943378103988414e-12,1.8343391042090624e-12,9.154530432250653e-13,1.7493463275042266e-12,0.0,0.0,0.0,0.0,0.0,0.0,0.0,0.0,0.0,0.0,0.0,0.0,0.0,0.0,0.0,4.363839893535821e-16,2.649270031304776e-15,5.332780098952625e-15,1.1474399582528745e-14,2.1304699744119944e-14,b'[SST2011] J095552.13+694053.1',B0Ve,True,b'1FGL J0956.5+6938 ',b'sbg  ',0
8.837787814875548e-13,2.1943378103988414e-12,1.8343391042090624e-12,9.154530432250653e-13,1.7493463275042266e-12,0.0,0.0,0.0,0.0,0.0,0.0,0.0,0.0,0.0,0.0,0.0,0.0,0.0,0.0,0.0,4.363839893535821e-16,2.649270031304776e-15,5.332780098952625e-15,1.1474399582528745e-14,2.1304699744119944e-14,b'CXOU J095534.5+693823',B0Ve,True,b'1FGL J0956.5+6938 ',b'sbg  ',0
8.837787814875548e-13,2.1943378103988414e-12,1.8343391042090624e-12,9.154530432250653e-13,1.7493463275042266e-12,0.0,0.0,0.0,0.0,0.0,0.0,0.0,0.0,0.0,0.0,0.0,0.0,0.0,0.0,0.0,4.363839893535821e-16,2.649270031304776e-15,5.332780098952625e-15,1.1474399582528745e-14,2.1304699744119944e-14,b'CXOU J095551.2+694012',B0Ve,True,b'1FGL J0956.5+6938 ',b'sbg  ',0
8.837787814875548e-13,2.1943378103988414e-12,1.8343391042090624e-12,9.154530432250653e-13,1.7493463275042266e-12,0.0,0.0,0.0,0.0,0.0,0.0,0.0,0.0,0.0,0.0,0.0,0.0,0.0,0.0,0.0,4.363839893535821e-16,2.649270031304776e-15,5.332780098952625e-15,1.1474399582528745e-14,2.1304699744119944e-14,b'CXOU J095555.1+694027',B0Ve,True,b'1FGL J0956.5+6938 ',b'sbg  ',0
8.837787814875548e-13,2.1943378103988414e-12,1.8343391042090624e-12,9.154530432250653e-13,1.7493463275042266e-12,0.0,0.0,0.0,0.0,0.0,0.0,0.0,0.0,0.0,0.0,0.0,0.0,0.0,0.0,0.0,4.363839893535821e-16,2.649270031304776e-15,5.332780098952625e-15,1.1474399582528745e-14,2.1304699744119944e-14,b'CXOU J095551.3+694043',B0Ve,True,b'1FGL J0956.5+6938 ',b'sbg  ',0
8.837787814875548e-13,2.1943378103988414e-12,1.8343391042090624e-12,9.154530432250653e-13,1.7493463275042266e-12,0.0,0.0,0.0,0.0,0.0,0.0,0.0,0.0,0.0,0.0,0.0,0.0,0.0,0.0,0.0,4.363839893535821e-16,2.649270031304776e-15,5.332780098952625e-15,1.1474399582528745e-14,2.1304699744119944e-14,b'CXOU J095551.0+694050',B0Ve,True,b'1FGL J0956.5+6938 ',b'sbg  ',0
8.837787814875548e-13,2.1943378103988414e-12,1.8343391042090624e-12,9.154530432250653e-13,1.7493463275042266e-12,0.0,0.0,0.0,0.0,0.0,0.0,0.0,0.0,0.0,0.0,0.0,0.0,0.0,0.0,0.0,4.363839893535821e-16,2.649270031304776e-15,5.332780098952625e-15,1.1474399582528745e-14,2.1304699744119944e-14,b'CXOU J095554.9+694038',B0Ve,True,b'1FGL J0956.5+6938 ',b'sbg  ',0
8.837787814875548e-13,2.1943378103988414e-12,1.8343391042090624e-12,9.154530432250653e-13,1.7493463275042266e-12,0.0,0.0,0.0,0.0,0.0,0.0,0.0,0.0,0.0,0.0,0.0,0.0,0.0,0.0,0.0,4.363839893535821e-16,2.649270031304776e-15,5.332780098952625e-15,1.1474399582528745e-14,2.1304699744119944e-14,b'CXOU J095632.1+694127',B0Ve,True,b'1FGL J0956.5+6938 ',b'sbg  ',0
8.837787814875548e-13,2.1943378103988414e-12,1.8343391042090624e-12,9.154530432250653e-13,1.7493463275042266e-12,0.0,0.0,0.0,0.0,0.0,0.0,0.0,0.0,0.0,0.0,0.0,0.0,0.0,0.0,0.0,4.363839893535821e-16,2.649270031304776e-15,5.332780098952625e-15,1.1474399582528745e-14,2.1304699744119944e-14,b'NAME M82 ULX-1',B0Ve,True,b'1FGL J0956.5+6938 ',b'sbg  ',0
7.312265349404256e-14,9.852314276879239e-13,1.3278161122656192e-12,1.2673561744283776e-13,1.0778691307517039e-12,0.0,0.0,0.0,0.0,0.0,0.0,0.0,0.0,0.0,0.0,0.0,0.0,0.0,0.0,0.0,1.0153800010548878e-17,5.5239399238778256e-17,1.1485599475719905e-15,3.700320181274564e-15,2.224440021346851e-15,b'RX J004244.7+411136',B0Ve,True,b'                  ',b'gal  ',0
8.837787814875548e-13,2.1943378103988414e-12,1.8343391042090624e-12,9.154530432250653e-13,1.7493463275042266e-12,0.0,0.0,0.0,0.0,0.0,0.0,0.0,0.0,0.0,0.0,0.0,0.0,0.0,0.0,0.0,4.363839893535821e-16,2.649270031304776e-15,5.332780098952625e-15,1.1474399582528745e-14,2.1304699744119944e-14,b'[CHP2004] J095630.9+694220',B0Ve,True,b'1FGL J0956.5+6938 ',b'sbg  ',0
8.837787814875548e-13,2.1943378103988414e-12,1.8343391042090624e-12,9.154530432250653e-13,1.7493463275042266e-12,0.0,0.0,0.0,0.0,0.0,0.0,0.0,0.0,0.0,0.0,0.0,0.0,0.0,0.0,0.0,4.363839893535821e-16,2.649270031304776e-15,5.332780098952625e-15,1.1474399582528745e-14,2.1304699744119944e-14,b'CXOU J095550.6+694043',B0Ve,True,b'1FGL J0956.5+6938 ',b'sbg  ',0
2.057212906958958e-12,1.1111410185988602e-12,2.1805620801669264e-17,1.4531378487581002e-12,2.974876656309526e-17,0.0,0.0,0.0,0.0,0.0,0.0,0.0,0.0,0.0,0.0,0.0,0.0,0.0,0.0,0.0,0.0,2.5698001127102053e-13,1.6252800429195777e-13,0.0,1.2487900253743017e-13,b'2E  4673',B0Ve,True,b'                  ',b'snr  ',0
8.837787814875548e-13,2.1943378103988414e-12,1.8343391042090624e-12,9.154530432250653e-13,1.7493463275042266e-12,0.0,0.0,0.0,0.0,0.0,0.0,0.0,0.0,0.0,0.0,0.0,0.0,0.0,0.0,0.0,4.363839893535821e-16,2.649270031304776e-15,5.332780098952625e-15,1.1474399582528745e-14,2.1304699744119944e-14,b'CXOU J095608.0+694139',B0Ve,True,b'1FGL J0956.5+6938 ',b'sbg  ',0
8.837787814875548e-13,2.1943378103988414e-12,1.8343391042090624e-12,9.154530432250653e-13,1.7493463275042266e-12,0.0,0.0,0.0,0.0,0.0,0.0,0.0,0.0,0.0,0.0,0.0,0.0,0.0,0.0,0.0,4.363839893535821e-16,2.649270031304776e-15,5.332780098952625e-15,1.1474399582528745e-14,2.1304699744119944e-14,b'CXOU J095624.6+694256',B0Ve,True,b'1FGL J0956.5+6938 ',b'sbg  ',0
0.11600502462271829,0.28802933161330246,0.2407758111051502,0.12016259616633661,0.22961963790782328,0.0,3.0699599609234216e-13,1.2221741472721122e-12,2.3288085101196363e-12,0.0,3.048824684172104e-12,0.0,0.0,0.0,0.0,0.0,0.0,0.0,0.0,0.0,5.727987194342387e-05,0.000347743849084555,0.0006999820539312786,0.0015061325684485212,0.0027964602343545364,b'CXOM82 J095538.3+694030',B0Ve,False,b'1FGL J0956.5+6938 ',b'sbg  ',0
8.837787814875548e-13,2.1943378103988414e-12,1.8343391042090624e-12,9.154530432250653e-13,1.7493463275042266e-12,0.0,0.0,0.0,0.0,0.0,0.0,0.0,0.0,0.0,0.0,0.0,0.0,0.0,0.0,0.0,4.363839893535821e-16,2.649270031304776e-15,5.332780098952625e-15,1.1474399582528745e-14,2.1304699744119944e-14,b'CXOU J095531.8+693957',B0Ve,True,b'1FGL J0956.5+6938 ',b'sbg  ',0
0.015748203338969747,0.015736508606853276,0.0009506532098542729,0.01706681921022553,0.00567857877430736,0.0,0.0,0.0,0.0,0.0,0.0,0.0,0.0,0.0,0.9447980845321852,0.0,0.0,0.0,0.0,0.0,2.456603392802513e-07,0.0,2.218033672801369e-07,1.7213064516693449e-06,1.8963557446397298e-05,b'[KRL2007b] 332',B0Ve,False,b'                  ',b'PWN  ',0
8.837787814875548e-13,2.1943378103988414e-12,1.8343391042090624e-12,9.154530432250653e-13,1.7493463275042266e-12,0.0,0.0,0.0,0.0,0.0,0.0,0.0,0.0,0.0,0.0,0.0,0.0,0.0,0.0,0.0,4.363839893535821e-16,2.649270031304776e-15,5.332780098952625e-15,1.1474399582528745e-14,2.1304699744119944e-14,b'CXOU J095553.3+694101',B0Ve,True,b'1FGL J0956.5+6938 ',b'sbg  ',0
8.837787814875548e-13,2.1943378103988414e-12,1.8343391042090624e-12,9.154530432250653e-13,1.7493463275042266e-12,0.0,0.0,0.0,0.0,0.0,0.0,0.0,0.0,0.0,0.0,0.0,0.0,0.0,0.0,0.0,4.363839893535821e-16,2.649270031304776e-15,5.332780098952625e-15,1.1474399582528745e-14,2.1304699744119944e-14,b'CXOU J095546.1+694026',B0Ve,True,b'1FGL J0956.5+6938 ',b'sbg  ',0
8.837787814875548e-13,2.1943378103988414e-12,1.8343391042090624e-12,9.154530432250653e-13,1.7493463275042266e-12,0.0,0.0,0.0,0.0,0.0,0.0,0.0,0.0,0.0,0.0,0.0,0.0,0.0,0.0,0.0,4.363839893535821e-16,2.649270031304776e-15,5.332780098952625e-15,1.1474399582528745e-14,2.1304699744119944e-14,b'[CHP2004] J095619.6+694146',B0Ve,True,b'1FGL J0956.5+6938 ',b'sbg  ',0
2.6619570103756895e-12,4.1015905703512554e-11,1.0838682664130243e-10,1.2089620031150367e-11,7.131453024213102e-11,0.0,9.549915736965611e-13,5.88844272490429e-13,5.3703122709814104e-12,9.120109139963567e-12,0.0,1.5892767461057262e-11,9.462367899902116e-10,1.7741878183626912e-09,2.9512110235446763e-09,0.0,1.698241852265263e-12,1.258926510045264e-11,4.168692711219744e-11,0.0,1.90057000102616e-16,2.5201999430419487e-17,3.1457900852949194e-16,8.029259887014236e-15,1.6842699483763536e-14,b'V* V479 Sct',B0Ve,False,b'1FGL J1826.2-1450 ',b'HMB  ',1
8.837787814875548e-13,2.1943378103988414e-12,1.8343391042090624e-12,9.154530432250653e-13,1.7493463275042266e-12,0.0,0.0,0.0,0.0,0.0,0.0,0.0,0.0,0.0,0.0,0.0,0.0,0.0,0.0,0.0,4.363839893535821e-16,2.649270031304776e-15,5.332780098952625e-15,1.1474399582528745e-14,2.1304699744119944e-14,b'CXOU J095510.7+693955',B0Ve,True,b'1FGL J0956.5+6938 ',b'sbg  ',0
8.837787814875548e-13,2.1943378103988414e-12,1.8343391042090624e-12,9.154530432250653e-13,1.7493463275042266e-12,0.0,0.0,0.0,0.0,0.0,0.0,0.0,0.0,0.0,0.0,0.0,0.0,0.0,0.0,0.0,4.363839893535821e-16,2.649270031304776e-15,5.332780098952625e-15,1.1474399582528745e-14,2.1304699744119944e-14,b'CXOU J095547.4+694059',B0Ve,True,b'1FGL J0956.5+6938 ',b'sbg  ',0
8.837787814875548e-13,2.1943378103988414e-12,1.8343391042090624e-12,9.154530432250653e-13,1.7493463275042266e-12,0.0,0.0,0.0,0.0,0.0,0.0,0.0,0.0,0.0,0.0,0.0,0.0,0.0,0.0,0.0,4.363839893535821e-16,2.649270031304776e-15,5.332780098952625e-15,1.1474399582528745e-14,2.1304699744119944e-14,b'CXOU J095553.9+694045',B0Ve,True,b'1FGL J0956.5+6938 ',b'sbg  ',0
0.0002552542809517816,0.001720314017338852,0.003922790172736587,0.0007734041349967422,0.001939553084422434,0.0,0.0,0.0,0.00014486976779288293,0.0,0.0,0.00026048193346700206,0.08689156951812939,0.2818235761465805,0.6222675932394867,0.0,0.0,0.0,0.0,0.0,8.112973211798232e-09,3.059657751634547e-08,1.9976624777427328e-07,3.0611307898022065e-08,3.246169909011469e-07,b'3XMM J183327.7-103524',B0Ve,False,b'1FGL J1833.5-1034 ',b'PSR  ',0
8.837787814875548e-13,2.1943378103988414e-12,1.8343391042090624e-12,9.154530432250653e-13,1.7493463275042266e-12,0.0,0.0,0.0,0.0,0.0,0.0,0.0,0.0,0.0,0.0,0.0,0.0,0.0,0.0,0.0,4.363839893535821e-16,2.649270031304776e-15,5.332780098952625e-15,1.1474399582528745e-14,2.1304699744119944e-14,b'CXOM82 J095550.5+694022',B0Ve,True,b'1FGL J0956.5+6938 ',b'sbg  ',0
8.837787814875548e-13,2.1943378103988414e-12,1.8343391042090624e-12,9.154530432250653e-13,1.7493463275042266e-12,0.0,0.0,0.0,0.0,0.0,0.0,0.0,0.0,0.0,0.0,0.0,0.0,0.0,0.0,0.0,4.363839893535821e-16,2.649270031304776e-15,5.332780098952625e-15,1.1474399582528745e-14,2.1304699744119944e-14,b'CXOU J095615.2+694142',B0Ve,True,b'1FGL J0956.5+6938 ',b'sbg  ',0
8.837787814875548e-13,2.1943378103988414e-12,1.8343391042090624e-12,9.154530432250653e-13,1.7493463275042266e-12,0.0,0.0,0.0,0.0,0.0,0.0,0.0,0.0,0.0,0.0,0.0,0.0,0.0,0.0,0.0,4.363839893535821e-16,2.649270031304776e-15,5.332780098952625e-15,1.1474399582528745e-14,2.1304699744119944e-14,b'CXOU J095553.2+694052',B0Ve,True,b'1FGL J0956.5+6938 ',b'sbg  ',0
8.837787814875548e-13,2.1943378103988414e-12,1.8343391042090624e-12,9.154530432250653e-13,1.7493463275042266e-12,0.0,0.0,0.0,0.0,0.0,0.0,0.0,0.0,0.0,0.0,0.0,0.0,0.0,0.0,0.0,4.363839893535821e-16,2.649270031304776e-15,5.332780098952625e-15,1.1474399582528745e-14,2.1304699744119944e-14,b'CXOU J095550.1+694034',B0Ve,True,b'1FGL J0956.5+6938 ',b'sbg  ',0
