s_FLUX_U	s_FLUX_B	s_FLUX_V	s_FLUX_R	s_FLUX_I	s_FLUX_G	s_FLUX_J	s_FLUX_H	s_FLUX_K	s_FLUX_u	s_FLUX_g	s_FLUX_r	s_FLUX_i	s_FLUX_z	tev_0.3TeV	tev_1TeV	tev_3TeV	tev_10TeV	tev_30TeV	xmm_SC_EP_1_FLUX	xmm_SC_EP_2_FLUX	xmm_SC_EP_3_FLUX	xmm_SC_EP_4_FLUX	xmm_SC_EP_5_FLUX	s_MAIN_ID	s_class	s_nan_spectra	tev_fermi_names	tev_classes	tev_glat	tev_glon	marked
-0.0	-0.0	-0.0	-0.018925519577475892	-0.0	-0.018764345650175228	-0.018281612815419235	-0.018149943505728548	-0.017967079448933478	-0.0	-0.0	-0.0	-0.0	-0.0	0.17781549588600787	0.1981436026427364	0.22379153881686736	0.24307341856669512	0.24926444508542564	-0.0	-0.0	-0.0	-0.0	-0.0	b'UCAC4 105-013663'	Be	False	b''	b'other'	-31.911823272705078	279.62399291992193	0
-0.0	-0.0	-0.0	-0.0	-0.0	-0.0	-0.018784657370153873	-0.017692759029457206	-0.016501225040278802	-0.0	-0.0	-0.0	-0.0	-0.0	0.1667118244769629	0.18781193117490866	0.2048256504928871	0.23082747374543616	0.2628017615496951	-0.0	-0.0	-0.0	-0.0	-0.0	b'MSX6C G331.5487-00.5364'	Be	False	b''	b'unid'	-0.5732107758522034	331.5122985839844	0
-0.0	-0.0	-0.0	-0.0	-0.0	-0.0	-0.0192387524133183	-0.018034605826751184	-0.01661595567471999	-0.0	-0.0	-0.0	-0.0	-0.0	0.1691005505191668	0.18744616309880996	0.2056089590933364	0.2300344159153023	0.261699225288174	-0.0	-0.0	-0.0	-0.0	-0.0	b'SSTGC 519103'	Be	False	b''	b'unid'	-0.04616236314177513	359.9442443847656	0
-0.0	-0.017125226234871407	-0.01700761251081111	-0.0	-0.0	-0.0	-0.016754849997576295	-0.01669297528900402	-0.016647615704185815	-0.0	-0.0	-0.0	-0.0	-0.0	0.1981318874755315	0.18603578159592857	0.20433501031966236	0.22793397286126088	0.2677916274840654	-0.0	-0.0	-0.0	-0.0	-0.0	b'RMC 141'	B	False	b''	b'pwn'	-31.74585723876953	279.5587158203125	0
-0.0	-0.019622396003892605	-0.01959084782479464	-0.019712454319401475	-0.019645729213011467	-0.019591039245028842	-0.01968886329883282	-0.01976876002784531	-0.019781368746622296	-0.0	-0.0	-0.0	-0.0	-0.0	0.18844985010486703	0.2099936905453934	0.23717551574814563	0.2576105589961455	0.2641718432848779	-0.0	-0.0	-0.0	-0.0	-0.0	b'[AAA97b] J053648.7-691700'	B	False	b''	b'other'	-31.911823272705078	279.62399291992193	0
-0.0	-0.020112827810698043	-0.020077285451260203	-0.02007283020643503	-0.019949222223493504	-0.02000072033815582	-0.020143784202729758	-0.020134952831459503	-0.020157011011981432	-0.0	-0.0	-0.0	-0.0	-0.0	0.21209694384776245	0.19914826041163677	0.21873728536126505	0.2439995886523948	0.28666655580315425	-0.0	-0.0	-0.0	-0.0	-0.0	b'OGLE LMC-ECL-20994'	B	False	b''	b'pwn'	-31.74585723876953	279.5587158203125	0
-0.01727328481602057	-0.017596376421920613	-0.017627828056280204	-0.0	-0.0	-0.0	-0.0	-0.0	-0.0	-0.0	-0.0	-0.0	-0.0	-0.0	0.17136922768314988	0.19096038838488325	0.21567852103089974	0.23426138314054204	0.24022796905474655	-0.0	-0.0	-0.0	-0.0	-0.0	b'[ST92] 2-62B'	B	False	b''	b'other'	-31.911823272705078	279.62399291992193	0
-0.0	-0.0	-0.0	-0.0	-0.0	-0.0	-0.01767779514155207	-0.017237210620398253	-0.017016263260232464	-0.0	-0.0	-0.0	-0.0	-0.0	0.16995536097611547	0.18803783667409657	0.20775209063026323	0.2320206088832204	0.25416537185848714	-0.0	-0.0	-0.0	-0.0	-0.0	b'[KKM2013] 7'	B	False	b''	b'pwn,snr'	0.26045286655426025	54.09474182128906	0
-0.01742032316176843	-0.017589047590860052	-0.01704975690930309	-0.0	-0.0	-0.0	-0.0	-0.0	-0.0	-0.0	-0.0	-0.0	-0.0	-0.0	0.17129785298141847	0.1908808540312087	0.21558869165886735	0.23416381406950812	0.24012791492092897	-0.0	-0.0	-0.0	-0.0	-0.0	b'[ST92] 2-62'	B	False	b''	b'other'	-31.911823272705078	279.62399291992193	0
-0.018268646307587774	-0.01854359118981909	-0.01820731121079028	-0.017963762515516922	-0.0169005730860243	-0.01818725023320848	-0.017396568716957897	-0.017209921496386813	-0.017075791753059035	-0.0	-0.0	-0.0	-0.0	-0.0	0.211933351779986	0.19899465576687486	0.2185685715450125	0.24381138981972844	0.28644544759774865	-0.0	-0.0	-0.0	-0.0	-0.0	b'HTR 13'	B	False	b''	b'pwn'	-31.74585723876953	279.5587158203125	0
-0.0	-0.019014675750603543	-0.018541670872449047	-0.0	-0.0	-0.01852575515040616	-0.017716189390090033	-0.017586040044199287	-0.017546146186255145	-0.0	-0.0	-0.0	-0.0	-0.0	0.18512455104094974	0.19816194056025768	0.21920220822288763	0.24249490340467328	0.2639468741652349	-0.0	-0.0	-0.0	-0.0	-0.0	b'LS  IV -05   11'	B	False	b''	b'unid'	-0.19760440289974213	26.79511260986328	0
-0.0	-0.018474070359303974	-0.018505745553601734	-0.0	-0.0	-0.018509401109105865	-0.01854849854504975	-0.01856328716190182	-0.0	-0.0	-0.0	-0.0	-0.0	-0.0	0.1778989421904035	0.19823658864093519	0.22389656102978658	0.24318748949383864	0.24938142137399916	-0.0	-0.0	-0.0	-0.0	-0.0	b'[M2002] LMC 164553'	B	False	b''	b'other'	-31.911823272705078	279.62399291992193	0
-0.0	-0.0	-0.0	-0.0	-0.0	-0.0	-0.018950611102872564	-0.017345467125236297	-0.015219111694179503	-0.0	-0.0	-0.0	-0.0	-0.0	0.1687196132909095	0.18702389822977727	0.20514577841922613	0.22951621137644343	0.26110968860593203	-0.0	-0.0	-0.0	-0.0	-0.0	b'GCIRS  1W'	B	False	b''	b'unid'	-0.04616236314177513	359.9442443847656	0
-0.0	-0.0	-0.013297532093867007	-0.013313569274501471	-0.013193749482891898	-0.01320075913249212	-0.013253552020194828	-0.013329866730636106	-0.013278596851615334	-0.0	-0.0	-0.0	-0.0	-0.0	0.12682452388379847	0.14132327410821008	0.159616321503649	0.17336886431029078	0.17778453116023346	-0.0	-0.0	0.16272280485439417	-0.0	0.1512273057656229	b'[M2002] LMC 161594'	B	False	b''	b'other'	-31.911823272705078	279.62399291992193	0
-0.0	-0.01891621353692417	-0.01882014526875741	-0.0	-0.0	-0.0	-0.017805509392363635	-0.017536359568776902	-0.017078889669358648	-0.0	-0.0	-0.0	-0.0	-0.0	0.1992153233404119	0.18705307285833062	0.2054523664477029	0.2291803741557171	0.26925598063401834	-0.0	-0.0	-0.0	-0.0	-0.0	b'Cl* NGC 2070    SMB     283'	B	False	b''	b'pwn'	-31.74585723876953	279.5587158203125	0
-0.0	-0.018776658581377	-0.018803890078874747	-0.0	-0.0	-0.018608689841857866	-0.018377424037321993	-0.018370675091219226	-0.018229370147735575	-0.0	-0.0	-0.0	-0.0	-0.0	0.2030546161050322	0.19065797381265046	0.2094118599783734	0.23359715564388356	0.2744451022384468	-0.0	-0.0	-0.0	-0.0	-0.0	b'SSTISAGE1C J053736.75-690633.4'	B	False	b''	b'pwn'	-31.74585723876953	279.5587158203125	0
-0.0	-0.01717087783882893	-0.017176534650561084	-0.0	-0.0	-0.017046910324378266	-0.016900800958298788	-0.016880760102445002	-0.016852368011786325	-0.0	-0.0	-0.0	-0.0	-0.0	0.17943390110831267	0.19994702612776757	0.22582839951522307	0.24528577518978723	0.25153314994520776	-0.0	-0.0	-0.0	-0.0	-0.0	b'CPD-69   416'	B	False	b''	b'other'	-31.911823272705078	279.62399291992193	0
-0.0	-0.018966653176450125	-0.018888368814914923	-0.0	-0.0	-0.0	-0.0	-0.018257019735602956	-0.018108222737200717	-0.0	-0.0	-0.0	-0.0	-0.0	0.19630302265726396	0.18431857039769722	0.20244888731202626	0.2258300186256995	0.26531976547148195	-0.0	-0.0	-0.0	-0.0	-0.0	b'Cl* NGC 2070    SMB     455'	O	False	b''	b'pwn'	-31.74585723876953	279.5587158203125	0
-0.0	-0.018756885547204075	-0.018666580398346993	-0.0	-0.0	-0.0	-0.0182469382683575	-0.018135502019565	-0.018093236792189885	-0.0	-0.0	-0.0	-0.0	-0.0	0.19953366111533025	0.1873519758644192	0.2057806707572811	0.22954659483161874	0.2696862404570141	-0.0	-0.0	-0.0	-0.0	-0.0	b'Cl* NGC 2070    SMB     206'	O	False	b''	b'pwn'	-31.74585723876953	279.5587158203125	0
-0.0	-0.01804911216658138	-0.017554046302882733	-0.0	-0.0	-0.0	-0.0	-0.017500161253815105	-0.0	-0.0	-0.0	-0.0	-0.0	-0.0	0.19244411194867592	0.1806952491901519	0.1984691616378368	0.22139066835284674	0.26010412859376786	-0.0	-0.0	-0.0	-0.0	-0.0	b'Cl* NGC 2070    SMB     163'	O	False	b''	b'pwn'	-31.74585723876953	279.5587158203125	0
-0.0	-0.019488380872698163	-0.019438421080353922	-0.0	-0.019215939115265764	-0.0	-0.01869826990365791	-0.018859128561658337	-0.018730741923701222	-0.0	-0.0	-0.0	-0.0	-0.0	0.20365111123815613	0.19121805245381607	0.21002703021036118	0.23428337282587114	0.27525131472913084	-0.0	-0.0	-0.0	-0.0	-0.0	b'OGLE LMC-ECL-21453'	O	False	b''	b'pwn'	-31.74585723876953	279.5587158203125	0
-0.0	-0.018981634157173403	-0.01892376486787538	-0.0	-0.018771454054203916	-0.0	-0.01865021121569046	-0.018589486560265003	-0.018480726206855338	-0.0	-0.0	-0.0	-0.0	-0.0	0.20327949034913845	0.1908691193091989	0.20964377459633587	0.2338558544354127	0.27474903837197756	-0.0	-0.0	-0.0	-0.0	-0.0	b'OGLE LMC-ECL-21400'	O	False	b''	b'pwn'	-31.74585723876953	279.5587158203125	0
-0.0	-0.0	-0.0	-0.0	-0.0	-0.0	-0.017956883165184418	-0.01633218075508835	-0.015203150355242227	-0.0	-0.0	-0.0	-0.0	-0.0	0.16729257138838372	0.2029216355928749	0.2103128456648572	0.22854388666123782	0.24042127496816143	-0.0	-0.0	-0.0	-0.0	-0.0	b'[MCD2010] 18'	O	False	b''	b'unid'	-0.113205648958683	0.14061740040779114	0
-0.0	-0.0	-0.0	-0.0	-0.0	-0.0	-0.0	-0.01840772446805753	-0.016175157746522388	-0.0	-0.0	-0.0	-0.0	-0.0	0.16600276009093015	0.1840122953315293	0.20184236304451483	0.22582036451452542	0.25690509923308014	-0.0	-0.0	-0.0	-0.0	-0.0	b'GCIRS  8'	O	False	b''	b'unid'	-0.04616236314177513	359.9442443847656	0
0.0	0.0	0.0	0.0	0.0	0.0	0.36128988244553834	0.3303964325955194	0.30831368495894235	0.0	0.0	0.0	0.0	0.0	0.0	0.0	0.0	0.0	0.0	0.0	0.0	0.0	0.0	0.0	b'[MCD2010] 13'	O	False	b''	b'unid'	-0.14797726273536682	0.054990474134683616	0
-0.0	-0.0	-0.0	-0.0	-0.0	-0.0	-0.017433654056130163	-0.01594292391544646	-0.014877344718212938	-0.0	-0.0	-0.0	-0.0	-0.0	0.16709518356531386	0.20268220918217994	0.21006469839552605	0.22827422866094765	0.2401376028858221	-0.0	-0.0	-0.0	-0.0	-0.0	b'[MCD2010] 13'	O	False	b''	b'unid'	-0.113205648958683	0.14061740040779114	0
-0.0	-0.009779697371232207	-0.00979447809680687	-0.0	-0.0	-0.009808021287037694	-0.009857124846317117	-0.00986952019074343	-0.009871581872777197	-0.0	-0.0	-0.0	-0.0	-0.0	0.10263618267854162	0.09637016387371279	0.10584952131635314	0.11807424425875525	0.13872128685814292	0.12465201293152438	0.12084751928367125	0.12631155424583554	0.12551793821837764	-0.0	b'VFTS 318'	O	False	b''	b'pwn'	-31.74585723876953	279.5587158203125	0
-0.0	-0.009779697371232207	-0.00979447809680687	-0.0	-0.0	-0.009808021287037694	-0.009857124846317117	-0.00986952019074343	-0.009871581872777197	-0.0	-0.0	-0.0	-0.0	-0.0	0.10263618267854162	0.09637016387371279	0.10584952131635314	0.11807424425875525	0.13872128685814292	0.12465201293152438	0.12084751928367125	0.12631155424583554	0.12551793821837764	-0.0	b'VFTS 318'	O	False	b''	b'pwn'	-31.74585723876953	279.5587158203125	0
-0.0	-0.009779697371232207	-0.00979447809680687	-0.0	-0.0	-0.009808021287037694	-0.009857124846317117	-0.00986952019074343	-0.009871581872777197	-0.0	-0.0	-0.0	-0.0	-0.0	0.10263618267854162	0.09637016387371279	0.10584952131635314	0.11807424425875525	0.13872128685814292	0.12465201293152438	0.12084751928367125	0.12631155424583554	0.12551793821837764	-0.0	b'VFTS 318'	O	False	b''	b'pwn'	-31.74585723876953	279.5587158203125	0
-0.0	-0.009779697371232207	-0.00979447809680687	-0.0	-0.0	-0.009808021287037694	-0.009857124846317117	-0.00986952019074343	-0.009871581872777197	-0.0	-0.0	-0.0	-0.0	-0.0	0.10263618267854162	0.09637016387371279	0.10584952131635314	0.11807424425875525	0.13872128685814292	0.12465201293152438	0.12084751928367125	0.12631155424583554	0.12551793821837764	-0.0	b'VFTS 318'	O	False	b''	b'pwn'	-31.74585723876953	279.5587158203125	0
-0.0	-0.009779697371232207	-0.00979447809680687	-0.0	-0.0	-0.009808021287037694	-0.009857124846317117	-0.00986952019074343	-0.009871581872777197	-0.0	-0.0	-0.0	-0.0	-0.0	0.10263618267854162	0.09637016387371279	0.10584952131635314	0.11807424425875525	0.13872128685814292	0.12465201293152438	0.12084751928367125	0.12631155424583554	0.12551793821837764	-0.0	b'VFTS 318'	O	False	b''	b'pwn'	-31.74585723876953	279.5587158203125	0
-0.0	-0.009779697371232207	-0.00979447809680687	-0.0	-0.0	-0.009808021287037694	-0.009857124846317117	-0.00986952019074343	-0.009871581872777197	-0.0	-0.0	-0.0	-0.0	-0.0	0.10263618267854162	0.09637016387371279	0.10584952131635314	0.11807424425875525	0.13872128685814292	0.12465201293152438	0.12084751928367125	0.12631155424583554	0.12551793821837764	-0.0	b'VFTS 318'	O	False	b''	b'pwn'	-31.74585723876953	279.5587158203125	0
-0.0	-0.009779697371232207	-0.00979447809680687	-0.0	-0.0	-0.009808021287037694	-0.009857124846317117	-0.00986952019074343	-0.009871581872777197	-0.0	-0.0	-0.0	-0.0	-0.0	0.10263618267854162	0.09637016387371279	0.10584952131635314	0.11807424425875525	0.13872128685814292	0.12465201293152438	0.12084751928367125	0.12631155424583554	0.12551793821837764	-0.0	b'VFTS 318'	O	False	b''	b'pwn'	-31.74585723876953	279.5587158203125	0
-0.0	-0.009779697371232207	-0.00979447809680687	-0.0	-0.0	-0.009808021287037694	-0.009857124846317117	-0.00986952019074343	-0.009871581872777197	-0.0	-0.0	-0.0	-0.0	-0.0	0.10263618267854162	0.09637016387371279	0.10584952131635314	0.11807424425875525	0.13872128685814292	0.12465201293152438	0.12084751928367125	0.12631155424583554	0.12551793821837764	-0.0	b'VFTS 318'	O	False	b''	b'pwn'	-31.74585723876953	279.5587158203125	0
-0.0	-0.009779697371232207	-0.00979447809680687	-0.0	-0.0	-0.009808021287037694	-0.009857124846317117	-0.00986952019074343	-0.009871581872777197	-0.0	-0.0	-0.0	-0.0	-0.0	0.10263618267854162	0.09637016387371279	0.10584952131635314	0.11807424425875525	0.13872128685814292	0.12465201293152438	0.12084751928367125	0.12631155424583554	0.12551793821837764	-0.0	b'VFTS 318'	O	False	b''	b'pwn'	-31.74585723876953	279.5587158203125	0
-0.0	-0.009779697371232207	-0.00979447809680687	-0.0	-0.0	-0.009808021287037694	-0.009857124846317117	-0.00986952019074343	-0.009871581872777197	-0.0	-0.0	-0.0	-0.0	-0.0	0.10263618267854162	0.09637016387371279	0.10584952131635314	0.11807424425875525	0.13872128685814292	0.12465201293152438	0.12084751928367125	0.12631155424583554	0.12551793821837764	-0.0	b'VFTS 318'	O	False	b''	b'pwn'	-31.74585723876953	279.5587158203125	0
-0.0	-0.009779697371232207	-0.00979447809680687	-0.0	-0.0	-0.009808021287037694	-0.009857124846317117	-0.00986952019074343	-0.009871581872777197	-0.0	-0.0	-0.0	-0.0	-0.0	0.10263618267854162	0.09637016387371279	0.10584952131635314	0.11807424425875525	0.13872128685814292	0.12465201293152438	0.12084751928367125	0.12631155424583554	0.12551793821837764	-0.0	b'VFTS 318'	O	False	b''	b'pwn'	-31.74585723876953	279.5587158203125	0
-0.0	-0.009779697371232207	-0.00979447809680687	-0.0	-0.0	-0.009808021287037694	-0.009857124846317117	-0.00986952019074343	-0.009871581872777197	-0.0	-0.0	-0.0	-0.0	-0.0	0.10263618267854162	0.09637016387371279	0.10584952131635314	0.11807424425875525	0.13872128685814292	0.12465201293152438	0.12084751928367125	0.12631155424583554	0.12551793821837764	-0.0	b'VFTS 318'	O	False	b''	b'pwn'	-31.74585723876953	279.5587158203125	0
-0.0	-0.009779697371232207	-0.00979447809680687	-0.0	-0.0	-0.009808021287037694	-0.009857124846317117	-0.00986952019074343	-0.009871581872777197	-0.0	-0.0	-0.0	-0.0	-0.0	0.10263618267854162	0.09637016387371279	0.10584952131635314	0.11807424425875525	0.13872128685814292	0.12465201293152438	0.12084751928367125	0.12631155424583554	0.12551793821837764	-0.0	b'VFTS 318'	O	False	b''	b'pwn'	-31.74585723876953	279.5587158203125	0
-0.0	-0.008710040176024619	-0.008639923387397662	-0.0	-0.0	-0.008631400950151212	-0.008453352630219152	-0.008411429225372965	-0.008385187845946685	-0.0	-0.0	-0.0	-0.0	-0.0	0.09063525926031171	0.08510190616704252	0.0934728723995435	0.10426819724848438	0.12250104662106191	0.11651316686990351	0.11155155369166007	0.10997445950276329	0.10775317471659285	0.10945969773774848	b'VFTS 183'	B0Ve	False	b''	b'pwn'	-31.74585723876953	279.5587158203125	0
-0.0	-0.008710040176024619	-0.008639923387397662	-0.0	-0.0	-0.008631400950151212	-0.008453352630219152	-0.008411429225372965	-0.008385187845946685	-0.0	-0.0	-0.0	-0.0	-0.0	0.09063525926031171	0.08510190616704252	0.0934728723995435	0.10426819724848438	0.12250104662106191	0.11651316686990351	0.11155155369166007	0.10997445950276329	0.10775317471659285	0.10945969773774848	b'VFTS 183'	B0Ve	False	b''	b'pwn'	-31.74585723876953	279.5587158203125	0
-0.0	-0.008710040176024619	-0.008639923387397662	-0.0	-0.0	-0.008631400950151212	-0.008453352630219152	-0.008411429225372965	-0.008385187845946685	-0.0	-0.0	-0.0	-0.0	-0.0	0.09063525926031171	0.08510190616704252	0.0934728723995435	0.10426819724848438	0.12250104662106191	0.11651316686990351	0.11155155369166007	0.10997445950276329	0.10775317471659285	0.10945969773774848	b'VFTS 183'	B0Ve	False	b''	b'pwn'	-31.74585723876953	279.5587158203125	0
-0.0	-0.008710040176024619	-0.008639923387397662	-0.0	-0.0	-0.008631400950151212	-0.008453352630219152	-0.008411429225372965	-0.008385187845946685	-0.0	-0.0	-0.0	-0.0	-0.0	0.09063525926031171	0.08510190616704252	0.0934728723995435	0.10426819724848438	0.12250104662106191	0.11651316686990351	0.11155155369166007	0.10997445950276329	0.10775317471659285	0.10945969773774848	b'VFTS 183'	B0Ve	False	b''	b'pwn'	-31.74585723876953	279.5587158203125	0
-0.0	-0.008710040176024619	-0.008639923387397662	-0.0	-0.0	-0.008631400950151212	-0.008453352630219152	-0.008411429225372965	-0.008385187845946685	-0.0	-0.0	-0.0	-0.0	-0.0	0.09063525926031171	0.08510190616704252	0.0934728723995435	0.10426819724848438	0.12250104662106191	0.11651316686990351	0.11155155369166007	0.10997445950276329	0.10775317471659285	0.10945969773774848	b'VFTS 183'	B0Ve	False	b''	b'pwn'	-31.74585723876953	279.5587158203125	0
-0.0	-0.008710040176024619	-0.008639923387397662	-0.0	-0.0	-0.008631400950151212	-0.008453352630219152	-0.008411429225372965	-0.008385187845946685	-0.0	-0.0	-0.0	-0.0	-0.0	0.09063525926031171	0.08510190616704252	0.0934728723995435	0.10426819724848438	0.12250104662106191	0.11651316686990351	0.11155155369166007	0.10997445950276329	0.10775317471659285	0.10945969773774848	b'VFTS 183'	B0Ve	False	b''	b'pwn'	-31.74585723876953	279.5587158203125	0
-0.0	-0.008710040176024619	-0.008639923387397662	-0.0	-0.0	-0.008631400950151212	-0.008453352630219152	-0.008411429225372965	-0.008385187845946685	-0.0	-0.0	-0.0	-0.0	-0.0	0.09063525926031171	0.08510190616704252	0.0934728723995435	0.10426819724848438	0.12250104662106191	0.11651316686990351	0.11155155369166007	0.10997445950276329	0.10775317471659285	0.10945969773774848	b'VFTS 183'	B0Ve	False	b''	b'pwn'	-31.74585723876953	279.5587158203125	0
-0.0	-0.008710040176024619	-0.008639923387397662	-0.0	-0.0	-0.008631400950151212	-0.008453352630219152	-0.008411429225372965	-0.008385187845946685	-0.0	-0.0	-0.0	-0.0	-0.0	0.09063525926031171	0.08510190616704252	0.0934728723995435	0.10426819724848438	0.12250104662106191	0.11651316686990351	0.11155155369166007	0.10997445950276329	0.10775317471659285	0.10945969773774848	b'VFTS 183'	B0Ve	False	b''	b'pwn'	-31.74585723876953	279.5587158203125	0
-0.0	-0.008710040176024619	-0.008639923387397662	-0.0	-0.0	-0.008631400950151212	-0.008453352630219152	-0.008411429225372965	-0.008385187845946685	-0.0	-0.0	-0.0	-0.0	-0.0	0.09063525926031171	0.08510190616704252	0.0934728723995435	0.10426819724848438	0.12250104662106191	0.11651316686990351	0.11155155369166007	0.10997445950276329	0.10775317471659285	0.10945969773774848	b'VFTS 183'	B0Ve	False	b''	b'pwn'	-31.74585723876953	279.5587158203125	0
-0.0	-0.008710040176024619	-0.008639923387397662	-0.0	-0.0	-0.008631400950151212	-0.008453352630219152	-0.008411429225372965	-0.008385187845946685	-0.0	-0.0	-0.0	-0.0	-0.0	0.09063525926031171	0.08510190616704252	0.0934728723995435	0.10426819724848438	0.12250104662106191	0.11651316686990351	0.11155155369166007	0.10997445950276329	0.10775317471659285	0.10945969773774848	b'VFTS 183'	B0Ve	False	b''	b'pwn'	-31.74585723876953	279.5587158203125	0
-0.0	-0.008710040176024619	-0.008639923387397662	-0.0	-0.0	-0.008631400950151212	-0.008453352630219152	-0.008411429225372965	-0.008385187845946685	-0.0	-0.0	-0.0	-0.0	-0.0	0.09063525926031171	0.08510190616704252	0.0934728723995435	0.10426819724848438	0.12250104662106191	0.11651316686990351	0.11155155369166007	0.10997445950276329	0.10775317471659285	0.10945969773774848	b'VFTS 183'	B0Ve	False	b''	b'pwn'	-31.74585723876953	279.5587158203125	0
-0.0	-0.008710040176024619	-0.008639923387397662	-0.0	-0.0	-0.008631400950151212	-0.008453352630219152	-0.008411429225372965	-0.008385187845946685	-0.0	-0.0	-0.0	-0.0	-0.0	0.09063525926031171	0.08510190616704252	0.0934728723995435	0.10426819724848438	0.12250104662106191	0.11651316686990351	0.11155155369166007	0.10997445950276329	0.10775317471659285	0.10945969773774848	b'VFTS 183'	B0Ve	False	b''	b'pwn'	-31.74585723876953	279.5587158203125	0
-0.0	-0.008710040176024619	-0.008639923387397662	-0.0	-0.0	-0.008631400950151212	-0.008453352630219152	-0.008411429225372965	-0.008385187845946685	-0.0	-0.0	-0.0	-0.0	-0.0	0.09063525926031171	0.08510190616704252	0.0934728723995435	0.10426819724848438	0.12250104662106191	0.11651316686990351	0.11155155369166007	0.10997445950276329	0.10775317471659285	0.10945969773774848	b'VFTS 183'	B0Ve	False	b''	b'pwn'	-31.74585723876953	279.5587158203125	0
-0.0	-0.008710040176024619	-0.008639923387397662	-0.0	-0.0	-0.008631400950151212	-0.008453352630219152	-0.008411429225372965	-0.008385187845946685	-0.0	-0.0	-0.0	-0.0	-0.0	0.09063525926031171	0.08510190616704252	0.0934728723995435	0.10426819724848438	0.12250104662106191	0.11651316686990351	0.11155155369166007	0.10997445950276329	0.10775317471659285	0.10945969773774848	b'VFTS 183'	B0Ve	False	b''	b'pwn'	-31.74585723876953	279.5587158203125	0
-0.0	-0.008710040176024619	-0.008639923387397662	-0.0	-0.0	-0.008631400950151212	-0.008453352630219152	-0.008411429225372965	-0.008385187845946685	-0.0	-0.0	-0.0	-0.0	-0.0	0.09063525926031171	0.08510190616704252	0.0934728723995435	0.10426819724848438	0.12250104662106191	0.11651316686990351	0.11155155369166007	0.10997445950276329	0.10775317471659285	0.10945969773774848	b'VFTS 183'	B0Ve	False	b''	b'pwn'	-31.74585723876953	279.5587158203125	0
-0.0	-0.008710040176024619	-0.008639923387397662	-0.0	-0.0	-0.008631400950151212	-0.008453352630219152	-0.008411429225372965	-0.008385187845946685	-0.0	-0.0	-0.0	-0.0	-0.0	0.09063525926031171	0.08510190616704252	0.0934728723995435	0.10426819724848438	0.12250104662106191	0.11651316686990351	0.11155155369166007	0.10997445950276329	0.10775317471659285	0.10945969773774848	b'VFTS 183'	B0Ve	False	b''	b'pwn'	-31.74585723876953	279.5587158203125	0
-0.0	-0.008710040176024619	-0.008639923387397662	-0.0	-0.0	-0.008631400950151212	-0.008453352630219152	-0.008411429225372965	-0.008385187845946685	-0.0	-0.0	-0.0	-0.0	-0.0	0.09063525926031171	0.08510190616704252	0.0934728723995435	0.10426819724848438	0.12250104662106191	0.11651316686990351	0.11155155369166007	0.10997445950276329	0.10775317471659285	0.10945969773774848	b'VFTS 183'	B0Ve	False	b''	b'pwn'	-31.74585723876953	279.5587158203125	0
-0.0	-0.008710040176024619	-0.008639923387397662	-0.0	-0.0	-0.008631400950151212	-0.008453352630219152	-0.008411429225372965	-0.008385187845946685	-0.0	-0.0	-0.0	-0.0	-0.0	0.09063525926031171	0.08510190616704252	0.0934728723995435	0.10426819724848438	0.12250104662106191	0.11651316686990351	0.11155155369166007	0.10997445950276329	0.10775317471659285	0.10945969773774848	b'VFTS 183'	B0Ve	False	b''	b'pwn'	-31.74585723876953	279.5587158203125	0
-0.0	-0.008710040176024619	-0.008639923387397662	-0.0	-0.0	-0.008631400950151212	-0.008453352630219152	-0.008411429225372965	-0.008385187845946685	-0.0	-0.0	-0.0	-0.0	-0.0	0.09063525926031171	0.08510190616704252	0.0934728723995435	0.10426819724848438	0.12250104662106191	0.11651316686990351	0.11155155369166007	0.10997445950276329	0.10775317471659285	0.10945969773774848	b'VFTS 183'	B0Ve	False	b''	b'pwn'	-31.74585723876953	279.5587158203125	0
-0.0	-0.008710040176024619	-0.008639923387397662	-0.0	-0.0	-0.008631400950151212	-0.008453352630219152	-0.008411429225372965	-0.008385187845946685	-0.0	-0.0	-0.0	-0.0	-0.0	0.09063525926031171	0.08510190616704252	0.0934728723995435	0.10426819724848438	0.12250104662106191	0.11651316686990351	0.11155155369166007	0.10997445950276329	0.10775317471659285	0.10945969773774848	b'VFTS 183'	B0Ve	False	b''	b'pwn'	-31.74585723876953	279.5587158203125	0
-0.0	-0.008710040176024619	-0.008639923387397662	-0.0	-0.0	-0.008631400950151212	-0.008453352630219152	-0.008411429225372965	-0.008385187845946685	-0.0	-0.0	-0.0	-0.0	-0.0	0.09063525926031171	0.08510190616704252	0.0934728723995435	0.10426819724848438	0.12250104662106191	0.11651316686990351	0.11155155369166007	0.10997445950276329	0.10775317471659285	0.10945969773774848	b'VFTS 183'	B0Ve	False	b''	b'pwn'	-31.74585723876953	279.5587158203125	0
-0.0	-0.008710040176024619	-0.008639923387397662	-0.0	-0.0	-0.008631400950151212	-0.008453352630219152	-0.008411429225372965	-0.008385187845946685	-0.0	-0.0	-0.0	-0.0	-0.0	0.09063525926031171	0.08510190616704252	0.0934728723995435	0.10426819724848438	0.12250104662106191	0.11651316686990351	0.11155155369166007	0.10997445950276329	0.10775317471659285	0.10945969773774848	b'VFTS 183'	B0Ve	False	b''	b'pwn'	-31.74585723876953	279.5587158203125	0
-0.0	-0.008710040176024619	-0.008639923387397662	-0.0	-0.0	-0.008631400950151212	-0.008453352630219152	-0.008411429225372965	-0.008385187845946685	-0.0	-0.0	-0.0	-0.0	-0.0	0.09063525926031171	0.08510190616704252	0.0934728723995435	0.10426819724848438	0.12250104662106191	0.11651316686990351	0.11155155369166007	0.10997445950276329	0.10775317471659285	0.10945969773774848	b'VFTS 183'	B0Ve	False	b''	b'pwn'	-31.74585723876953	279.5587158203125	0
-0.0	-0.008710040176024619	-0.008639923387397662	-0.0	-0.0	-0.008631400950151212	-0.008453352630219152	-0.008411429225372965	-0.008385187845946685	-0.0	-0.0	-0.0	-0.0	-0.0	0.09063525926031171	0.08510190616704252	0.0934728723995435	0.10426819724848438	0.12250104662106191	0.11651316686990351	0.11155155369166007	0.10997445950276329	0.10775317471659285	0.10945969773774848	b'VFTS 183'	B0Ve	False	b''	b'pwn'	-31.74585723876953	279.5587158203125	0
-0.0	-0.008710040176024619	-0.008639923387397662	-0.0	-0.0	-0.008631400950151212	-0.008453352630219152	-0.008411429225372965	-0.008385187845946685	-0.0	-0.0	-0.0	-0.0	-0.0	0.09063525926031171	0.08510190616704252	0.0934728723995435	0.10426819724848438	0.12250104662106191	0.11651316686990351	0.11155155369166007	0.10997445950276329	0.10775317471659285	0.10945969773774848	b'VFTS 183'	B0Ve	False	b''	b'pwn'	-31.74585723876953	279.5587158203125	0
-0.0	-0.008710040176024619	-0.008639923387397662	-0.0	-0.0	-0.008631400950151212	-0.008453352630219152	-0.008411429225372965	-0.008385187845946685	-0.0	-0.0	-0.0	-0.0	-0.0	0.09063525926031171	0.08510190616704252	0.0934728723995435	0.10426819724848438	0.12250104662106191	0.11651316686990351	0.11155155369166007	0.10997445950276329	0.10775317471659285	0.10945969773774848	b'VFTS 183'	B0Ve	False	b''	b'pwn'	-31.74585723876953	279.5587158203125	0
-0.0	-0.008710040176024619	-0.008639923387397662	-0.0	-0.0	-0.008631400950151212	-0.008453352630219152	-0.008411429225372965	-0.008385187845946685	-0.0	-0.0	-0.0	-0.0	-0.0	0.09063525926031171	0.08510190616704252	0.0934728723995435	0.10426819724848438	0.12250104662106191	0.11651316686990351	0.11155155369166007	0.10997445950276329	0.10775317471659285	0.10945969773774848	b'VFTS 183'	B0Ve	False	b''	b'pwn'	-31.74585723876953	279.5587158203125	0
-0.0	-0.008710040176024619	-0.008639923387397662	-0.0	-0.0	-0.008631400950151212	-0.008453352630219152	-0.008411429225372965	-0.008385187845946685	-0.0	-0.0	-0.0	-0.0	-0.0	0.09063525926031171	0.08510190616704252	0.0934728723995435	0.10426819724848438	0.12250104662106191	0.11651316686990351	0.11155155369166007	0.10997445950276329	0.10775317471659285	0.10945969773774848	b'VFTS 183'	B0Ve	False	b''	b'pwn'	-31.74585723876953	279.5587158203125	0
-0.0	-0.008710040176024619	-0.008639923387397662	-0.0	-0.0	-0.008631400950151212	-0.008453352630219152	-0.008411429225372965	-0.008385187845946685	-0.0	-0.0	-0.0	-0.0	-0.0	0.09063525926031171	0.08510190616704252	0.0934728723995435	0.10426819724848438	0.12250104662106191	0.11651316686990351	0.11155155369166007	0.10997445950276329	0.10775317471659285	0.10945969773774848	b'VFTS 183'	B0Ve	False	b''	b'pwn'	-31.74585723876953	279.5587158203125	0
-0.0	-0.008710040176024619	-0.008639923387397662	-0.0	-0.0	-0.008631400950151212	-0.008453352630219152	-0.008411429225372965	-0.008385187845946685	-0.0	-0.0	-0.0	-0.0	-0.0	0.09063525926031171	0.08510190616704252	0.0934728723995435	0.10426819724848438	0.12250104662106191	0.11651316686990351	0.11155155369166007	0.10997445950276329	0.10775317471659285	0.10945969773774848	b'VFTS 183'	B0Ve	False	b''	b'pwn'	-31.74585723876953	279.5587158203125	0
-0.0	-0.008710040176024619	-0.008639923387397662	-0.0	-0.0	-0.008631400950151212	-0.008453352630219152	-0.008411429225372965	-0.008385187845946685	-0.0	-0.0	-0.0	-0.0	-0.0	0.09063525926031171	0.08510190616704252	0.0934728723995435	0.10426819724848438	0.12250104662106191	0.11651316686990351	0.11155155369166007	0.10997445950276329	0.10775317471659285	0.10945969773774848	b'VFTS 183'	B0Ve	False	b''	b'pwn'	-31.74585723876953	279.5587158203125	0
-0.0	-0.008710040176024619	-0.008639923387397662	-0.0	-0.0	-0.008631400950151212	-0.008453352630219152	-0.008411429225372965	-0.008385187845946685	-0.0	-0.0	-0.0	-0.0	-0.0	0.09063525926031171	0.08510190616704252	0.0934728723995435	0.10426819724848438	0.12250104662106191	0.11651316686990351	0.11155155369166007	0.10997445950276329	0.10775317471659285	0.10945969773774848	b'VFTS 183'	B0Ve	False	b''	b'pwn'	-31.74585723876953	279.5587158203125	0
-0.0	-0.008710040176024619	-0.008639923387397662	-0.0	-0.0	-0.008631400950151212	-0.008453352630219152	-0.008411429225372965	-0.008385187845946685	-0.0	-0.0	-0.0	-0.0	-0.0	0.09063525926031171	0.08510190616704252	0.0934728723995435	0.10426819724848438	0.12250104662106191	0.11651316686990351	0.11155155369166007	0.10997445950276329	0.10775317471659285	0.10945969773774848	b'VFTS 183'	B0Ve	False	b''	b'pwn'	-31.74585723876953	279.5587158203125	0
-0.0	-0.008710040176024619	-0.008639923387397662	-0.0	-0.0	-0.008631400950151212	-0.008453352630219152	-0.008411429225372965	-0.008385187845946685	-0.0	-0.0	-0.0	-0.0	-0.0	0.09063525926031171	0.08510190616704252	0.0934728723995435	0.10426819724848438	0.12250104662106191	0.11651316686990351	0.11155155369166007	0.10997445950276329	0.10775317471659285	0.10945969773774848	b'VFTS 183'	B0Ve	False	b''	b'pwn'	-31.74585723876953	279.5587158203125	0
-0.0	-0.008710040176024619	-0.008639923387397662	-0.0	-0.0	-0.008631400950151212	-0.008453352630219152	-0.008411429225372965	-0.008385187845946685	-0.0	-0.0	-0.0	-0.0	-0.0	0.09063525926031171	0.08510190616704252	0.0934728723995435	0.10426819724848438	0.12250104662106191	0.11651316686990351	0.11155155369166007	0.10997445950276329	0.10775317471659285	0.10945969773774848	b'VFTS 183'	B0Ve	False	b''	b'pwn'	-31.74585723876953	279.5587158203125	0
-0.0	-0.008710040176024619	-0.008639923387397662	-0.0	-0.0	-0.008631400950151212	-0.008453352630219152	-0.008411429225372965	-0.008385187845946685	-0.0	-0.0	-0.0	-0.0	-0.0	0.09063525926031171	0.08510190616704252	0.0934728723995435	0.10426819724848438	0.12250104662106191	0.11651316686990351	0.11155155369166007	0.10997445950276329	0.10775317471659285	0.10945969773774848	b'VFTS 183'	B0Ve	False	b''	b'pwn'	-31.74585723876953	279.5587158203125	0
-0.01954973807456138	-0.019808812437648884	-0.01979086374677984	-0.0	-0.01943951998751113	-0.0	-0.019301920055392205	-0.01926283269767431	-0.01922120878639222	-0.0	-0.0	-0.0	-0.0	-0.0	0.20766116065208337	0.19498328523115172	0.2141626264478844	0.23889659539156888	0.28067122806327155	-0.0	-0.0	-0.0	-0.0	-0.0	b'OGLE LMC-ECL-21065'	B0Ve	False	b''	b'pwn'	-31.74585723876953	279.5587158203125	0
-0.0	-0.0	-0.0	-0.0	-0.0	-0.0	-0.009286319620870955	-0.009286319620870955	-0.0092908764083998	-0.0	-0.0	-0.0	-0.0	-0.0	0.10079214544497515	0.09463870654794086	0.10394775087469629	0.11595283544311068	0.13622891807182647	0.12655009132851797	-0.0	0.1130797127402528	0.12163889224688225	0.11503446295193925	b'2MASS J05371136-6905041'	B0Ve	False	b''	b'pwn'	-31.74585723876953	279.5587158203125	0
-0.006755313709012556	-0.006928698271184764	-0.006816559580528935	-0.0	-0.0	-0.006754476737351028	-0.006451865462707593	-0.006402993174754805	-0.006372313613224667	-0.0	-0.0	-0.0	-0.0	-0.0	0.07517742747434011	0.08838308208207284	0.10326770235094215	0.11957980644015022	0.13446442670901956	0.11761091522412402	0.10825459634315111	0.10338567323210153	0.10080893883369428	0.09554965185916853	b'HD  43582'	B0Ve	False	b''	b'snr'	3.234989643096924	189.0648193359375	0
-0.0	-0.019370971422039737	-0.01938365836114259	-0.0	-0.0	-0.019327914892741004	-0.019142908600753985	-0.019103424305453368	-0.019059287278018217	-0.0	-0.0	-0.0	-0.0	-0.0	0.20382604521746034	0.19138230657758284	0.21020744103126351	0.2344846195681259	0.27548775246571644	-0.0	-0.0	-0.0	-0.0	-0.0	b'[ST92] 1-31'	B0Ve	False	b''	b'pwn'	-31.74585723876953	279.5587158203125	0
-0.0	-0.017459545645303064	-0.017433562614255667	-0.0	-0.0	-0.0	-0.0	-0.0	-0.0	-0.0	-0.0	-0.0	-0.0	-0.0	0.16850285582721977	0.18776632904141727	0.2120710189666748	0.2303430586861258	0.23620984573812104	-0.0	-0.0	-0.0	-0.0	-0.0	b'[LSB2000] Star 2'	B0Ve	False	b''	b'other'	-31.911823272705078	279.62399291992193	0
-0.0	-0.019180942516567368	-0.01908707310979827	-0.0	-0.0	-0.0	-0.018865703820126742	-0.018806005361641696	-0.018818841929160016	-0.0	-0.0	-0.0	-0.0	-0.0	0.20005619223508245	0.18784260605277445	0.20631956130694135	0.2301477226742204	0.2703924844682755	-0.0	-0.0	-0.0	-0.0	-0.0	b'Cl* NGC 2070    SMB     372'	B0Ve	False	b''	b'pwn'	-31.74585723876953	279.5587158203125	0
-0.020073971281924882	-0.02040653537148071	-0.02041813969521876	-0.020569632956659787	-0.020286642858246648	-0.020347675331733203	-0.020239750913189195	-0.0202539924153718	-0.02014891309523951	-0.0	-0.0	-0.0	-0.0	-0.0	0.19257636504761388	0.21459195422899896	0.2423689839798465	0.26325149646845136	0.2699564541941538	-0.0	-0.0	-0.0	-0.0	-0.0	b'UCAC2   1802729'	B0Ve	False	b''	b'other'	-31.911823272705078	279.62399291992193	0
-0.0	-0.018581385198140253	-0.018444465209042755	-0.0	-0.0	-0.0	-0.0	-0.0	-0.0	-0.0	-0.0	-0.0	-0.0	-0.0	0.16885011211847303	0.18815328413915175	0.21250806197800617	0.23081775732480816	0.2366966348467438	-0.0	-0.0	-0.0	-0.0	-0.0	b'[ST92] 2-27'	B0Ve	False	b''	b'other'	-31.911823272705078	279.62399291992193	0
0.1537795864640528	0.15359717357448655	0.14819945979522375	0.0	0.0	0.1451804271298443	0.13462460415813257	0.1328866086020241	0.13173214027623606	0.0	0.0	0.0	0.0	0.0	0.0	0.0	0.0	0.0	0.0	0.0	0.0	0.0	0.0	0.0	b'[MT91] 213'	B0Ve	False	b''	b'unid'	1.1111170053482056	80.29947662353516	0
-0.0	-0.019130993088186	-0.019147150674090244	-0.0	-0.0	-0.0	-0.0	-0.017209214150839713	-0.016201184677096466	-0.0	-0.0	-0.0	-0.0	-0.0	0.19584037577484542	0.18388416846739572	0.20197175585833724	0.2252977825314234	0.2646944599582107	-0.0	-0.0	-0.0	-0.0	-0.0	b'2MASS J05384705-6905016'	B0Ve	False	b''	b'pwn'	-31.74585723876953	279.5587158203125	0
-0.0	-0.017514173507194256	-0.01679565826228539	-0.0	-0.0	-0.0	-0.0	-0.0	-0.0	-0.0	-0.0	-0.0	-0.0	-0.0	0.16840788586990652	0.18766050199079318	0.2119514935407123	0.2302132349490536	0.236076715419014	-0.0	-0.0	-0.0	-0.0	-0.0	b'[ST92] 2-8'	B0Ve	False	b''	b'other'	-31.911823272705078	279.62399291992193	0
-0.0	-0.019260527152579546	-0.0191878730057194	-0.0	-0.0	-0.0	-0.01899442481993177	-0.01896932902458415	-0.018973518222396634	-0.0	-0.0	-0.0	-0.0	-0.0	0.20017078949867487	0.18795020706426638	0.2064377463872791	0.2302795571300592	0.27054737214493196	-0.0	-0.0	-0.0	-0.0	-0.0	b'VFTS 50'	B0Ve	False	b''	b'pwn'	-31.74585723876953	279.5587158203125	0
-0.0	-0.01144356221266507	-0.011327396940473394	-0.0	-0.0	-0.011263537418471267	-0.010988822348538079	-0.010909549396292604	-0.010882774162396828	-0.0	-0.0	-0.0	-0.0	-0.0	0.11829439336942653	0.11107242861962474	0.12199796003500483	0.13608769083793262	0.1598846532290321	-0.0	-0.0	0.14254125831661504	0.13712585157536633	0.139811406495835	b'[P93]   287'	B0Ve	False	b''	b'pwn'	-31.74585723876953	279.5587158203125	0
-0.0	-0.01144356221266507	-0.011327396940473394	-0.0	-0.0	-0.011263537418471267	-0.010988822348538079	-0.010909549396292604	-0.010882774162396828	-0.0	-0.0	-0.0	-0.0	-0.0	0.11829439336942653	0.11107242861962474	0.12199796003500483	0.13608769083793262	0.1598846532290321	-0.0	-0.0	0.14254125831661504	0.13712585157536633	0.139811406495835	b'[P93]   287'	B0Ve	False	b''	b'pwn'	-31.74585723876953	279.5587158203125	0
-0.0	-0.01144356221266507	-0.011327396940473394	-0.0	-0.0	-0.011263537418471267	-0.010988822348538079	-0.010909549396292604	-0.010882774162396828	-0.0	-0.0	-0.0	-0.0	-0.0	0.11829439336942653	0.11107242861962474	0.12199796003500483	0.13608769083793262	0.1598846532290321	-0.0	-0.0	0.14254125831661504	0.13712585157536633	0.139811406495835	b'[P93]   287'	B0Ve	False	b''	b'pwn'	-31.74585723876953	279.5587158203125	0
-0.0	-0.01144356221266507	-0.011327396940473394	-0.0	-0.0	-0.011263537418471267	-0.010988822348538079	-0.010909549396292604	-0.010882774162396828	-0.0	-0.0	-0.0	-0.0	-0.0	0.11829439336942653	0.11107242861962474	0.12199796003500483	0.13608769083793262	0.1598846532290321	-0.0	-0.0	0.14254125831661504	0.13712585157536633	0.139811406495835	b'[P93]   287'	B0Ve	False	b''	b'pwn'	-31.74585723876953	279.5587158203125	0
-0.0	-0.01144356221266507	-0.011327396940473394	-0.0	-0.0	-0.011263537418471267	-0.010988822348538079	-0.010909549396292604	-0.010882774162396828	-0.0	-0.0	-0.0	-0.0	-0.0	0.11829439336942653	0.11107242861962474	0.12199796003500483	0.13608769083793262	0.1598846532290321	-0.0	-0.0	0.14254125831661504	0.13712585157536633	0.139811406495835	b'[P93]   287'	B0Ve	False	b''	b'pwn'	-31.74585723876953	279.5587158203125	0
-0.0	-0.01144356221266507	-0.011327396940473394	-0.0	-0.0	-0.011263537418471267	-0.010988822348538079	-0.010909549396292604	-0.010882774162396828	-0.0	-0.0	-0.0	-0.0	-0.0	0.11829439336942653	0.11107242861962474	0.12199796003500483	0.13608769083793262	0.1598846532290321	-0.0	-0.0	0.14254125831661504	0.13712585157536633	0.139811406495835	b'[P93]   287'	B0Ve	False	b''	b'pwn'	-31.74585723876953	279.5587158203125	0
-0.0	-0.01144356221266507	-0.011327396940473394	-0.0	-0.0	-0.011263537418471267	-0.010988822348538079	-0.010909549396292604	-0.010882774162396828	-0.0	-0.0	-0.0	-0.0	-0.0	0.11829439336942653	0.11107242861962474	0.12199796003500483	0.13608769083793262	0.1598846532290321	-0.0	-0.0	0.14254125831661504	0.13712585157536633	0.139811406495835	b'[P93]   287'	B0Ve	False	b''	b'pwn'	-31.74585723876953	279.5587158203125	0
-0.0	-0.01144356221266507	-0.011327396940473394	-0.0	-0.0	-0.011263537418471267	-0.010988822348538079	-0.010909549396292604	-0.010882774162396828	-0.0	-0.0	-0.0	-0.0	-0.0	0.11829439336942653	0.11107242861962474	0.12199796003500483	0.13608769083793262	0.1598846532290321	-0.0	-0.0	0.14254125831661504	0.13712585157536633	0.139811406495835	b'[P93]   287'	B0Ve	False	b''	b'pwn'	-31.74585723876953	279.5587158203125	0
-0.0	-0.01144356221266507	-0.011327396940473394	-0.0	-0.0	-0.011263537418471267	-0.010988822348538079	-0.010909549396292604	-0.010882774162396828	-0.0	-0.0	-0.0	-0.0	-0.0	0.11829439336942653	0.11107242861962474	0.12199796003500483	0.13608769083793262	0.1598846532290321	-0.0	-0.0	0.14254125831661504	0.13712585157536633	0.139811406495835	b'[P93]   287'	B0Ve	False	b''	b'pwn'	-31.74585723876953	279.5587158203125	0
-0.0	-0.01144356221266507	-0.011327396940473394	-0.0	-0.0	-0.011263537418471267	-0.010988822348538079	-0.010909549396292604	-0.010882774162396828	-0.0	-0.0	-0.0	-0.0	-0.0	0.11829439336942653	0.11107242861962474	0.12199796003500483	0.13608769083793262	0.1598846532290321	-0.0	-0.0	0.14254125831661504	0.13712585157536633	0.139811406495835	b'[P93]   287'	B0Ve	False	b''	b'pwn'	-31.74585723876953	279.5587158203125	0
-0.0	-0.01144356221266507	-0.011327396940473394	-0.0	-0.0	-0.011263537418471267	-0.010988822348538079	-0.010909549396292604	-0.010882774162396828	-0.0	-0.0	-0.0	-0.0	-0.0	0.11829439336942653	0.11107242861962474	0.12199796003500483	0.13608769083793262	0.1598846532290321	-0.0	-0.0	0.14254125831661504	0.13712585157536633	0.139811406495835	b'[P93]   287'	B0Ve	False	b''	b'pwn'	-31.74585723876953	279.5587158203125	0
-0.0	-0.01144356221266507	-0.011327396940473394	-0.0	-0.0	-0.011263537418471267	-0.010988822348538079	-0.010909549396292604	-0.010882774162396828	-0.0	-0.0	-0.0	-0.0	-0.0	0.11829439336942653	0.11107242861962474	0.12199796003500483	0.13608769083793262	0.1598846532290321	-0.0	-0.0	0.14254125831661504	0.13712585157536633	0.139811406495835	b'[P93]   287'	B0Ve	False	b''	b'pwn'	-31.74585723876953	279.5587158203125	0
-0.0	-0.01144356221266507	-0.011327396940473394	-0.0	-0.0	-0.011263537418471267	-0.010988822348538079	-0.010909549396292604	-0.010882774162396828	-0.0	-0.0	-0.0	-0.0	-0.0	0.11829439336942653	0.11107242861962474	0.12199796003500483	0.13608769083793262	0.1598846532290321	-0.0	-0.0	0.14254125831661504	0.13712585157536633	0.139811406495835	b'[P93]   287'	B0Ve	False	b''	b'pwn'	-31.74585723876953	279.5587158203125	0
-0.0	-0.01144356221266507	-0.011327396940473394	-0.0	-0.0	-0.011263537418471267	-0.010988822348538079	-0.010909549396292604	-0.010882774162396828	-0.0	-0.0	-0.0	-0.0	-0.0	0.11829439336942653	0.11107242861962474	0.12199796003500483	0.13608769083793262	0.1598846532290321	-0.0	-0.0	0.14254125831661504	0.13712585157536633	0.139811406495835	b'[P93]   287'	B0Ve	False	b''	b'pwn'	-31.74585723876953	279.5587158203125	0
-0.0	-0.01144356221266507	-0.011327396940473394	-0.0	-0.0	-0.011263537418471267	-0.010988822348538079	-0.010909549396292604	-0.010882774162396828	-0.0	-0.0	-0.0	-0.0	-0.0	0.11829439336942653	0.11107242861962474	0.12199796003500483	0.13608769083793262	0.1598846532290321	-0.0	-0.0	0.14254125831661504	0.13712585157536633	0.139811406495835	b'[P93]   287'	B0Ve	False	b''	b'pwn'	-31.74585723876953	279.5587158203125	0
-0.0	-0.01144356221266507	-0.011327396940473394	-0.0	-0.0	-0.011263537418471267	-0.010988822348538079	-0.010909549396292604	-0.010882774162396828	-0.0	-0.0	-0.0	-0.0	-0.0	0.11829439336942653	0.11107242861962474	0.12199796003500483	0.13608769083793262	0.1598846532290321	-0.0	-0.0	0.14254125831661504	0.13712585157536633	0.139811406495835	b'[P93]   287'	B0Ve	False	b''	b'pwn'	-31.74585723876953	279.5587158203125	0
-0.0	-0.01144356221266507	-0.011327396940473394	-0.0	-0.0	-0.011263537418471267	-0.010988822348538079	-0.010909549396292604	-0.010882774162396828	-0.0	-0.0	-0.0	-0.0	-0.0	0.11829439336942653	0.11107242861962474	0.12199796003500483	0.13608769083793262	0.1598846532290321	-0.0	-0.0	0.14254125831661504	0.13712585157536633	0.139811406495835	b'[P93]   287'	B0Ve	False	b''	b'pwn'	-31.74585723876953	279.5587158203125	0
-0.0	-0.01144356221266507	-0.011327396940473394	-0.0	-0.0	-0.011263537418471267	-0.010988822348538079	-0.010909549396292604	-0.010882774162396828	-0.0	-0.0	-0.0	-0.0	-0.0	0.11829439336942653	0.11107242861962474	0.12199796003500483	0.13608769083793262	0.1598846532290321	-0.0	-0.0	0.14254125831661504	0.13712585157536633	0.139811406495835	b'[P93]   287'	B0Ve	False	b''	b'pwn'	-31.74585723876953	279.5587158203125	0
-0.0	-0.01144356221266507	-0.011327396940473394	-0.0	-0.0	-0.011263537418471267	-0.010988822348538079	-0.010909549396292604	-0.010882774162396828	-0.0	-0.0	-0.0	-0.0	-0.0	0.11829439336942653	0.11107242861962474	0.12199796003500483	0.13608769083793262	0.1598846532290321	-0.0	-0.0	0.14254125831661504	0.13712585157536633	0.139811406495835	b'[P93]   287'	B0Ve	False	b''	b'pwn'	-31.74585723876953	279.5587158203125	0
-0.0	-0.01144356221266507	-0.011327396940473394	-0.0	-0.0	-0.011263537418471267	-0.010988822348538079	-0.010909549396292604	-0.010882774162396828	-0.0	-0.0	-0.0	-0.0	-0.0	0.11829439336942653	0.11107242861962474	0.12199796003500483	0.13608769083793262	0.1598846532290321	-0.0	-0.0	0.14254125831661504	0.13712585157536633	0.139811406495835	b'[P93]   287'	B0Ve	False	b''	b'pwn'	-31.74585723876953	279.5587158203125	0
-0.0	-0.01144356221266507	-0.011327396940473394	-0.0	-0.0	-0.011263537418471267	-0.010988822348538079	-0.010909549396292604	-0.010882774162396828	-0.0	-0.0	-0.0	-0.0	-0.0	0.11829439336942653	0.11107242861962474	0.12199796003500483	0.13608769083793262	0.1598846532290321	-0.0	-0.0	0.14254125831661504	0.13712585157536633	0.139811406495835	b'[P93]   287'	B0Ve	False	b''	b'pwn'	-31.74585723876953	279.5587158203125	0
-0.0	-0.01144356221266507	-0.011327396940473394	-0.0	-0.0	-0.011263537418471267	-0.010988822348538079	-0.010909549396292604	-0.010882774162396828	-0.0	-0.0	-0.0	-0.0	-0.0	0.11829439336942653	0.11107242861962474	0.12199796003500483	0.13608769083793262	0.1598846532290321	-0.0	-0.0	0.14254125831661504	0.13712585157536633	0.139811406495835	b'[P93]   287'	B0Ve	False	b''	b'pwn'	-31.74585723876953	279.5587158203125	0
-0.0	-0.01144356221266507	-0.011327396940473394	-0.0	-0.0	-0.011263537418471267	-0.010988822348538079	-0.010909549396292604	-0.010882774162396828	-0.0	-0.0	-0.0	-0.0	-0.0	0.11829439336942653	0.11107242861962474	0.12199796003500483	0.13608769083793262	0.1598846532290321	-0.0	-0.0	0.14254125831661504	0.13712585157536633	0.139811406495835	b'[P93]   287'	B0Ve	False	b''	b'pwn'	-31.74585723876953	279.5587158203125	0
-0.0	-0.01144356221266507	-0.011327396940473394	-0.0	-0.0	-0.011263537418471267	-0.010988822348538079	-0.010909549396292604	-0.010882774162396828	-0.0	-0.0	-0.0	-0.0	-0.0	0.11829439336942653	0.11107242861962474	0.12199796003500483	0.13608769083793262	0.1598846532290321	-0.0	-0.0	0.14254125831661504	0.13712585157536633	0.139811406495835	b'[P93]   287'	B0Ve	False	b''	b'pwn'	-31.74585723876953	279.5587158203125	0
-0.0	-0.01144356221266507	-0.011327396940473394	-0.0	-0.0	-0.011263537418471267	-0.010988822348538079	-0.010909549396292604	-0.010882774162396828	-0.0	-0.0	-0.0	-0.0	-0.0	0.11829439336942653	0.11107242861962474	0.12199796003500483	0.13608769083793262	0.1598846532290321	-0.0	-0.0	0.14254125831661504	0.13712585157536633	0.139811406495835	b'[P93]   287'	B0Ve	False	b''	b'pwn'	-31.74585723876953	279.5587158203125	0
-0.0	-0.01144356221266507	-0.011327396940473394	-0.0	-0.0	-0.011263537418471267	-0.010988822348538079	-0.010909549396292604	-0.010882774162396828	-0.0	-0.0	-0.0	-0.0	-0.0	0.11829439336942653	0.11107242861962474	0.12199796003500483	0.13608769083793262	0.1598846532290321	-0.0	-0.0	0.14254125831661504	0.13712585157536633	0.139811406495835	b'[P93]   287'	B0Ve	False	b''	b'pwn'	-31.74585723876953	279.5587158203125	0
-0.0	-0.01144356221266507	-0.011327396940473394	-0.0	-0.0	-0.011263537418471267	-0.010988822348538079	-0.010909549396292604	-0.010882774162396828	-0.0	-0.0	-0.0	-0.0	-0.0	0.11829439336942653	0.11107242861962474	0.12199796003500483	0.13608769083793262	0.1598846532290321	-0.0	-0.0	0.14254125831661504	0.13712585157536633	0.139811406495835	b'[P93]   287'	B0Ve	False	b''	b'pwn'	-31.74585723876953	279.5587158203125	0
-0.0	-0.01144356221266507	-0.011327396940473394	-0.0	-0.0	-0.011263537418471267	-0.010988822348538079	-0.010909549396292604	-0.010882774162396828	-0.0	-0.0	-0.0	-0.0	-0.0	0.11829439336942653	0.11107242861962474	0.12199796003500483	0.13608769083793262	0.1598846532290321	-0.0	-0.0	0.14254125831661504	0.13712585157536633	0.139811406495835	b'[P93]   287'	B0Ve	False	b''	b'pwn'	-31.74585723876953	279.5587158203125	0
-0.0	-0.01144356221266507	-0.011327396940473394	-0.0	-0.0	-0.011263537418471267	-0.010988822348538079	-0.010909549396292604	-0.010882774162396828	-0.0	-0.0	-0.0	-0.0	-0.0	0.11829439336942653	0.11107242861962474	0.12199796003500483	0.13608769083793262	0.1598846532290321	-0.0	-0.0	0.14254125831661504	0.13712585157536633	0.139811406495835	b'[P93]   287'	B0Ve	False	b''	b'pwn'	-31.74585723876953	279.5587158203125	0
-0.0	-0.01144356221266507	-0.011327396940473394	-0.0	-0.0	-0.011263537418471267	-0.010988822348538079	-0.010909549396292604	-0.010882774162396828	-0.0	-0.0	-0.0	-0.0	-0.0	0.11829439336942653	0.11107242861962474	0.12199796003500483	0.13608769083793262	0.1598846532290321	-0.0	-0.0	0.14254125831661504	0.13712585157536633	0.139811406495835	b'[P93]   287'	B0Ve	False	b''	b'pwn'	-31.74585723876953	279.5587158203125	0
-0.0	-0.01144356221266507	-0.011327396940473394	-0.0	-0.0	-0.011263537418471267	-0.010988822348538079	-0.010909549396292604	-0.010882774162396828	-0.0	-0.0	-0.0	-0.0	-0.0	0.11829439336942653	0.11107242861962474	0.12199796003500483	0.13608769083793262	0.1598846532290321	-0.0	-0.0	0.14254125831661504	0.13712585157536633	0.139811406495835	b'[P93]   287'	B0Ve	False	b''	b'pwn'	-31.74585723876953	279.5587158203125	0
-0.0	-0.01144356221266507	-0.011327396940473394	-0.0	-0.0	-0.011263537418471267	-0.010988822348538079	-0.010909549396292604	-0.010882774162396828	-0.0	-0.0	-0.0	-0.0	-0.0	0.11829439336942653	0.11107242861962474	0.12199796003500483	0.13608769083793262	0.1598846532290321	-0.0	-0.0	0.14254125831661504	0.13712585157536633	0.139811406495835	b'[P93]   287'	B0Ve	False	b''	b'pwn'	-31.74585723876953	279.5587158203125	0
-0.0	-0.01144356221266507	-0.011327396940473394	-0.0	-0.0	-0.011263537418471267	-0.010988822348538079	-0.010909549396292604	-0.010882774162396828	-0.0	-0.0	-0.0	-0.0	-0.0	0.11829439336942653	0.11107242861962474	0.12199796003500483	0.13608769083793262	0.1598846532290321	-0.0	-0.0	0.14254125831661504	0.13712585157536633	0.139811406495835	b'[P93]   287'	B0Ve	False	b''	b'pwn'	-31.74585723876953	279.5587158203125	0
-0.0	-0.01144356221266507	-0.011327396940473394	-0.0	-0.0	-0.011263537418471267	-0.010988822348538079	-0.010909549396292604	-0.010882774162396828	-0.0	-0.0	-0.0	-0.0	-0.0	0.11829439336942653	0.11107242861962474	0.12199796003500483	0.13608769083793262	0.1598846532290321	-0.0	-0.0	0.14254125831661504	0.13712585157536633	0.139811406495835	b'[P93]   287'	B0Ve	False	b''	b'pwn'	-31.74585723876953	279.5587158203125	0
-0.0	-0.01144356221266507	-0.011327396940473394	-0.0	-0.0	-0.011263537418471267	-0.010988822348538079	-0.010909549396292604	-0.010882774162396828	-0.0	-0.0	-0.0	-0.0	-0.0	0.11829439336942653	0.11107242861962474	0.12199796003500483	0.13608769083793262	0.1598846532290321	-0.0	-0.0	0.14254125831661504	0.13712585157536633	0.139811406495835	b'[P93]   287'	B0Ve	False	b''	b'pwn'	-31.74585723876953	279.5587158203125	0
-0.0	-0.01144356221266507	-0.011327396940473394	-0.0	-0.0	-0.011263537418471267	-0.010988822348538079	-0.010909549396292604	-0.010882774162396828	-0.0	-0.0	-0.0	-0.0	-0.0	0.11829439336942653	0.11107242861962474	0.12199796003500483	0.13608769083793262	0.1598846532290321	-0.0	-0.0	0.14254125831661504	0.13712585157536633	0.139811406495835	b'[P93]   287'	B0Ve	False	b''	b'pwn'	-31.74585723876953	279.5587158203125	0
-0.0	-0.01144356221266507	-0.011327396940473394	-0.0	-0.0	-0.011263537418471267	-0.010988822348538079	-0.010909549396292604	-0.010882774162396828	-0.0	-0.0	-0.0	-0.0	-0.0	0.11829439336942653	0.11107242861962474	0.12199796003500483	0.13608769083793262	0.1598846532290321	-0.0	-0.0	0.14254125831661504	0.13712585157536633	0.139811406495835	b'[P93]   287'	B0Ve	False	b''	b'pwn'	-31.74585723876953	279.5587158203125	0
-0.0	-0.01144356221266507	-0.011327396940473394	-0.0	-0.0	-0.011263537418471267	-0.010988822348538079	-0.010909549396292604	-0.010882774162396828	-0.0	-0.0	-0.0	-0.0	-0.0	0.11829439336942653	0.11107242861962474	0.12199796003500483	0.13608769083793262	0.1598846532290321	-0.0	-0.0	0.14254125831661504	0.13712585157536633	0.139811406495835	b'[P93]   287'	B0Ve	False	b''	b'pwn'	-31.74585723876953	279.5587158203125	0
-0.0	-0.01144356221266507	-0.011327396940473394	-0.0	-0.0	-0.011263537418471267	-0.010988822348538079	-0.010909549396292604	-0.010882774162396828	-0.0	-0.0	-0.0	-0.0	-0.0	0.11829439336942653	0.11107242861962474	0.12199796003500483	0.13608769083793262	0.1598846532290321	-0.0	-0.0	0.14254125831661504	0.13712585157536633	0.139811406495835	b'[P93]   287'	B0Ve	False	b''	b'pwn'	-31.74585723876953	279.5587158203125	0
-0.0	-0.01144356221266507	-0.011327396940473394	-0.0	-0.0	-0.011263537418471267	-0.010988822348538079	-0.010909549396292604	-0.010882774162396828	-0.0	-0.0	-0.0	-0.0	-0.0	0.11829439336942653	0.11107242861962474	0.12199796003500483	0.13608769083793262	0.1598846532290321	-0.0	-0.0	0.14254125831661504	0.13712585157536633	0.139811406495835	b'[P93]   287'	B0Ve	False	b''	b'pwn'	-31.74585723876953	279.5587158203125	0
-0.0	-0.01144356221266507	-0.011327396940473394	-0.0	-0.0	-0.011263537418471267	-0.010988822348538079	-0.010909549396292604	-0.010882774162396828	-0.0	-0.0	-0.0	-0.0	-0.0	0.11829439336942653	0.11107242861962474	0.12199796003500483	0.13608769083793262	0.1598846532290321	-0.0	-0.0	0.14254125831661504	0.13712585157536633	0.139811406495835	b'[P93]   287'	B0Ve	False	b''	b'pwn'	-31.74585723876953	279.5587158203125	0
-0.0	-0.01144356221266507	-0.011327396940473394	-0.0	-0.0	-0.011263537418471267	-0.010988822348538079	-0.010909549396292604	-0.010882774162396828	-0.0	-0.0	-0.0	-0.0	-0.0	0.11829439336942653	0.11107242861962474	0.12199796003500483	0.13608769083793262	0.1598846532290321	-0.0	-0.0	0.14254125831661504	0.13712585157536633	0.139811406495835	b'[P93]   287'	B0Ve	False	b''	b'pwn'	-31.74585723876953	279.5587158203125	0
-0.0	-0.01144356221266507	-0.011327396940473394	-0.0	-0.0	-0.011263537418471267	-0.010988822348538079	-0.010909549396292604	-0.010882774162396828	-0.0	-0.0	-0.0	-0.0	-0.0	0.11829439336942653	0.11107242861962474	0.12199796003500483	0.13608769083793262	0.1598846532290321	-0.0	-0.0	0.14254125831661504	0.13712585157536633	0.139811406495835	b'[P93]   287'	B0Ve	False	b''	b'pwn'	-31.74585723876953	279.5587158203125	0
-0.0	-0.01144356221266507	-0.011327396940473394	-0.0	-0.0	-0.011263537418471267	-0.010988822348538079	-0.010909549396292604	-0.010882774162396828	-0.0	-0.0	-0.0	-0.0	-0.0	0.11829439336942653	0.11107242861962474	0.12199796003500483	0.13608769083793262	0.1598846532290321	-0.0	-0.0	0.14254125831661504	0.13712585157536633	0.139811406495835	b'[P93]   287'	B0Ve	False	b''	b'pwn'	-31.74585723876953	279.5587158203125	0
-0.0	-0.01144356221266507	-0.011327396940473394	-0.0	-0.0	-0.011263537418471267	-0.010988822348538079	-0.010909549396292604	-0.010882774162396828	-0.0	-0.0	-0.0	-0.0	-0.0	0.11829439336942653	0.11107242861962474	0.12199796003500483	0.13608769083793262	0.1598846532290321	-0.0	-0.0	0.14254125831661504	0.13712585157536633	0.139811406495835	b'[P93]   287'	B0Ve	False	b''	b'pwn'	-31.74585723876953	279.5587158203125	0
-0.0	-0.01144356221266507	-0.011327396940473394	-0.0	-0.0	-0.011263537418471267	-0.010988822348538079	-0.010909549396292604	-0.010882774162396828	-0.0	-0.0	-0.0	-0.0	-0.0	0.11829439336942653	0.11107242861962474	0.12199796003500483	0.13608769083793262	0.1598846532290321	-0.0	-0.0	0.14254125831661504	0.13712585157536633	0.139811406495835	b'[P93]   287'	B0Ve	False	b''	b'pwn'	-31.74585723876953	279.5587158203125	0
-0.0	-0.01144356221266507	-0.011327396940473394	-0.0	-0.0	-0.011263537418471267	-0.010988822348538079	-0.010909549396292604	-0.010882774162396828	-0.0	-0.0	-0.0	-0.0	-0.0	0.11829439336942653	0.11107242861962474	0.12199796003500483	0.13608769083793262	0.1598846532290321	-0.0	-0.0	0.14254125831661504	0.13712585157536633	0.139811406495835	b'[P93]   287'	B0Ve	False	b''	b'pwn'	-31.74585723876953	279.5587158203125	0
-0.0	-0.01144356221266507	-0.011327396940473394	-0.0	-0.0	-0.011263537418471267	-0.010988822348538079	-0.010909549396292604	-0.010882774162396828	-0.0	-0.0	-0.0	-0.0	-0.0	0.11829439336942653	0.11107242861962474	0.12199796003500483	0.13608769083793262	0.1598846532290321	-0.0	-0.0	0.14254125831661504	0.13712585157536633	0.139811406495835	b'[P93]   287'	B0Ve	False	b''	b'pwn'	-31.74585723876953	279.5587158203125	0
-0.0	-0.01144356221266507	-0.011327396940473394	-0.0	-0.0	-0.011263537418471267	-0.010988822348538079	-0.010909549396292604	-0.010882774162396828	-0.0	-0.0	-0.0	-0.0	-0.0	0.11829439336942653	0.11107242861962474	0.12199796003500483	0.13608769083793262	0.1598846532290321	-0.0	-0.0	0.14254125831661504	0.13712585157536633	0.139811406495835	b'[P93]   287'	B0Ve	False	b''	b'pwn'	-31.74585723876953	279.5587158203125	0
-0.0	-0.01144356221266507	-0.011327396940473394	-0.0	-0.0	-0.011263537418471267	-0.010988822348538079	-0.010909549396292604	-0.010882774162396828	-0.0	-0.0	-0.0	-0.0	-0.0	0.11829439336942653	0.11107242861962474	0.12199796003500483	0.13608769083793262	0.1598846532290321	-0.0	-0.0	0.14254125831661504	0.13712585157536633	0.139811406495835	b'[P93]   287'	B0Ve	False	b''	b'pwn'	-31.74585723876953	279.5587158203125	0
-0.0	-0.01144356221266507	-0.011327396940473394	-0.0	-0.0	-0.011263537418471267	-0.010988822348538079	-0.010909549396292604	-0.010882774162396828	-0.0	-0.0	-0.0	-0.0	-0.0	0.11829439336942653	0.11107242861962474	0.12199796003500483	0.13608769083793262	0.1598846532290321	-0.0	-0.0	0.14254125831661504	0.13712585157536633	0.139811406495835	b'[P93]   287'	B0Ve	False	b''	b'pwn'	-31.74585723876953	279.5587158203125	0
-0.0	-0.01144356221266507	-0.011327396940473394	-0.0	-0.0	-0.011263537418471267	-0.010988822348538079	-0.010909549396292604	-0.010882774162396828	-0.0	-0.0	-0.0	-0.0	-0.0	0.11829439336942653	0.11107242861962474	0.12199796003500483	0.13608769083793262	0.1598846532290321	-0.0	-0.0	0.14254125831661504	0.13712585157536633	0.139811406495835	b'[P93]   287'	B0Ve	False	b''	b'pwn'	-31.74585723876953	279.5587158203125	0
-0.0	-0.01144356221266507	-0.011327396940473394	-0.0	-0.0	-0.011263537418471267	-0.010988822348538079	-0.010909549396292604	-0.010882774162396828	-0.0	-0.0	-0.0	-0.0	-0.0	0.11829439336942653	0.11107242861962474	0.12199796003500483	0.13608769083793262	0.1598846532290321	-0.0	-0.0	0.14254125831661504	0.13712585157536633	0.139811406495835	b'[P93]   287'	B0Ve	False	b''	b'pwn'	-31.74585723876953	279.5587158203125	0
-0.0	-0.01144356221266507	-0.011327396940473394	-0.0	-0.0	-0.011263537418471267	-0.010988822348538079	-0.010909549396292604	-0.010882774162396828	-0.0	-0.0	-0.0	-0.0	-0.0	0.11829439336942653	0.11107242861962474	0.12199796003500483	0.13608769083793262	0.1598846532290321	-0.0	-0.0	0.14254125831661504	0.13712585157536633	0.139811406495835	b'[P93]   287'	B0Ve	False	b''	b'pwn'	-31.74585723876953	279.5587158203125	0
-0.0	-0.01144356221266507	-0.011327396940473394	-0.0	-0.0	-0.011263537418471267	-0.010988822348538079	-0.010909549396292604	-0.010882774162396828	-0.0	-0.0	-0.0	-0.0	-0.0	0.11829439336942653	0.11107242861962474	0.12199796003500483	0.13608769083793262	0.1598846532290321	-0.0	-0.0	0.14254125831661504	0.13712585157536633	0.139811406495835	b'[P93]   287'	B0Ve	False	b''	b'pwn'	-31.74585723876953	279.5587158203125	0
-0.0	-0.019489078435476054	-0.01946393885732441	-0.0	-0.0	-0.019472748114293878	-0.01945973992437537	-0.01947232830819949	-0.01949743836006248	-0.0	-0.0	-0.0	-0.0	-0.0	0.20409414439189344	0.1916340380888321	0.21048393386779013	0.23479304498479142	0.27585011066642473	-0.0	-0.0	-0.0	-0.0	-0.0	b'[P93] 10008'	B0Ve	False	b''	b'pwn'	-31.74585723876953	279.5587158203125	0
-0.0	-0.019537573136380725	-0.019533413021744425	-0.0	-0.0	-0.01951883335136934	-0.019533413021744425	-0.01952925041222953	-0.01959142737115074	-0.0	-0.0	-0.0	-0.0	-0.0	0.20416516416172703	0.19170072204646302	0.21055717712805855	0.2348747472210953	0.2759460997572753	-0.0	-0.0	-0.0	-0.0	-0.0	b'VFTS 347'	B0Ve	False	b''	b'pwn'	-31.74585723876953	279.5587158203125	0
-0.018689701144524173	-0.01905347508563021	-0.018989432562005432	-0.0	-0.018908826557297777	-0.01897609487585803	-0.018861687966689553	-0.018858049112594935	-0.018840869567952095	-0.0	-0.0	-0.0	-0.0	-0.0	0.1874365594675816	0.2088645591589781	0.2359002282943896	0.25622539277101236	0.2627513971805905	-0.0	-0.0	-0.0	-0.0	-0.0	b'[M2002] LMC 164299'	B0Ve	False	b''	b'other'	-31.911823272705078	279.62399291992193	0
-0.0	-0.019239612100637654	-0.019122615583453455	-0.0	-0.0	-0.01913283402693745	-0.018932106748464926	-0.01889607746204773	-0.018882518092509452	-0.0	-0.0	-0.0	-0.0	-0.0	0.2036099732741542	0.19117942599452234	0.209984604296966	0.23423604707891615	0.27519571336949195	-0.0	-0.0	-0.0	-0.0	-0.0	b'VFTS 214'	B0Ve	False	b''	b'pwn'	-31.74585723876953	279.5587158203125	0
-0.0	-0.008875456522485503	-0.008843719025439383	-0.0	-0.0	-0.0	-0.008777348960045749	-0.008742661804029231	-0.0	-0.0	-0.0	-0.0	-0.0	-0.0	0.09233721975685907	0.08669996065112796	0.09522811795873504	0.10622615879911501	0.12480138695038065	0.10870271687760137	0.10448811981767264	0.10457333026268571	0.10791704334124555	0.10426513189657684	b'VFTS 610'	B0Ve	False	b''	b'pwn'	-31.74585723876953	279.5587158203125	0
-0.0	-0.019569638000395802	-0.019482460093052763	-0.0	-0.0	-0.019481373963459843	-0.01926606347222379	-0.019218490790369153	-0.019218490790369153	-0.0	-0.0	-0.0	-0.0	-0.0	0.2039810731166794	0.19152786990294082	0.21036732255154972	0.23466296604947007	0.27569728548923056	-0.0	-0.0	-0.0	-0.0	-0.0	b'VFTS 54'	B0Ve	False	b''	b'pwn'	-31.74585723876953	279.5587158203125	0
-0.0	-0.01815740991149765	-0.018117004815698053	-0.0	-0.0	-0.0	-0.0	-0.0	-0.0	-0.0	-0.0	-0.0	-0.0	-0.0	0.1893687976690752	0.17780768523995585	0.1952975652680398	0.21785277947247694	0.25594758707764786	-0.0	-0.0	-0.0	-0.0	-0.0	b'[P93]  1570'	B0Ve	False	b''	b'pwn'	-31.74585723876953	279.5587158203125	0
0.1338748762228062	0.13221798538405366	0.12897671440201008	0.12778671846623418	0.0	0.127437064554138	0.11798870650164804	0.11624749250078567	0.11547044196832432	0.0	0.0	0.0	0.0	0.0	0.0	0.0	0.0	0.0	0.0	0.0	0.0	0.0	0.0	0.0	b'Schulte 21'	B0Ve	False	b''	b'unid'	1.1111170053482056	80.29947662353516	0
-0.0	-0.01676207087025864	-0.016599166684114472	-0.0	-0.0	-0.0	-0.016203362705717227	-0.01614643155550095	-0.016101883931407393	-0.0	-0.0	-0.0	-0.0	-0.0	0.19769050383417644	0.18562134476928055	0.2038798078176302	0.22742619832677333	0.2671950609991379	-0.0	-0.0	-0.0	-0.0	-0.0	b'RMC 142'	B0Ve	False	b''	b'pwn'	-31.74585723876953	279.5587158203125	0
-0.0	-0.017798934285160738	-0.017720793535369376	-0.0	-0.0	-0.0	-0.017531506216348077	-0.01747061301563178	-0.01744507791985672	-0.0	-0.0	-0.0	-0.0	-0.0	0.1988150875460682	0.18667727177062035	0.20503960005149313	0.22871993673775073	0.26871502886643417	-0.0	-0.0	-0.0	-0.0	-0.0	b'[P93]   930'	B0Ve	False	b''	b'pwn'	-31.74585723876953	279.5587158203125	0
-0.0	-0.0	-0.019032552746544397	-0.019188546864401124	-0.019024397894937945	-0.01906870380989243	-0.019027276909527782	-0.019075092366353956	-0.01905122505015388	-0.0	-0.0	-0.0	-0.0	-0.0	0.18455293501280756	0.2056512748763534	0.23227101279273538	0.2522834840493237	0.2587090889105913	-0.0	-0.0	-0.0	-0.0	-0.0	b'[AAA97b] J053634.4-691522'	B0Ve	False	b''	b'other'	-31.911823272705078	279.62399291992193	0
-0.0	-0.0	-0.01894088432603117	-0.01909612711354437	-0.018932768751466333	-0.018976861271334126	-0.018935633899565235	-0.01898321905794108	-0.018959466696324714	-0.0	-0.0	-0.0	-0.0	-0.0	0.207012445552433	0.19437417469304394	0.21349360134409867	0.23815030355635555	0.27979443597027587	-0.0	-0.0	-0.0	-0.0	-0.0	b'[AAA97b] J053634.4-691522'	B0Ve	False	b''	b'pwn'	-31.74585723876953	279.5587158203125	0
-0.0	-0.019391935680330444	-0.019362258270025794	-0.0	-0.0	-0.019381902434820734	-0.019323913768778553	-0.019319640059345007	-0.019328184845746676	-0.0	-0.0	-0.0	-0.0	-0.0	0.20395755775733088	0.19150579017457578	0.21034307097217816	0.23463591361814334	0.27566550253681915	-0.0	-0.0	-0.0	-0.0	-0.0	b'VFTS 313'	B0Ve	False	b''	b'pwn'	-31.74585723876953	279.5587158203125	0
-0.0	-0.018215615389460742	-0.01821941808635278	-0.0	-0.0	-0.0	-0.0	-0.0	-0.0	-0.0	-0.0	-0.0	-0.0	-0.0	0.18939814914092146	0.17783524478161009	0.19532783567720524	0.21788654585744652	0.2559872580186302	-0.0	-0.0	-0.0	-0.0	-0.0	b'[P93]  1235'	B0Ve	False	b''	b'pwn'	-31.74585723876953	279.5587158203125	0
-0.0	-0.019121588133369897	-0.019029447731214066	-0.0	-0.0	-0.019030640150653474	-0.018805452025467358	-0.018778023307835658	-0.018618162914582837	-0.0	-0.0	-0.0	-0.0	-0.0	0.20345967879784277	0.19103830711292083	0.20982960439382384	0.23406314600013853	0.2749925779583973	-0.0	-0.0	-0.0	-0.0	-0.0	b'VFTS 534'	B0Ve	False	b''	b'pwn'	-31.74585723876953	279.5587158203125	0
-0.0	-0.01908263779530727	-0.01900412356169973	-0.0	-0.0	-0.0	-0.018848574159482667	-0.018814468944269556	-0.018754370285302645	-0.0	-0.0	-0.0	-0.0	-0.0	0.20000970463987439	0.18779895656142181	0.20627161827582402	0.23009424262918807	0.2703296526397536	-0.0	-0.0	-0.0	-0.0	-0.0	b'VFTS 374'	B0Ve	False	b''	b'pwn'	-31.74585723876953	279.5587158203125	0
-0.0	-0.01998405581830962	-0.019891290403877784	-0.0	-0.019712481250445932	-0.019856614017125244	-0.019640727782938915	-0.01954777201382991	-0.01956557232104843	-0.0	-0.0	-0.0	-0.0	-0.0	0.20799440859237742	0.19529618812541955	0.2145063077310267	0.2392799689512057	0.2811216402075463	-0.0	-0.0	-0.0	-0.0	-0.0	b'OGLE LMC-ECL-21425'	B0Ve	False	b''	b'pwn'	-31.74585723876953	279.5587158203125	0
-0.019426827038446566	-0.019771194138550444	-0.019714470074443304	-0.019803734692660686	-0.019644683336494224	-0.0	-0.01960436425637962	-0.0195406132119185	-0.019571378942205613	-0.0	-0.0	-0.0	-0.0	-0.0	0.21144431195073687	0.19853547219968085	0.21806422083281993	0.24324879087319637	0.2857844698346648	-0.0	-0.0	-0.0	-0.0	-0.0	b'2MASS J05374020-6910068'	B0Ve	False	b''	b'pwn'	-31.74585723876953	279.5587158203125	0
-0.018336355594966068	-0.018561363012432462	-0.0179787451911107	-0.017573742187707065	-0.017082690001833996	-0.017723290155431257	-0.016307945259598177	-0.015954728861416457	-0.01566304064148524	-0.0	-0.0	-0.0	-0.0	-0.0	0.18334401342496534	0.2132884170807508	0.23056705480453527	0.25693977696234177	0.27104263863338834	-0.0	-0.0	-0.0	-0.0	-0.0	b'LS   I +61  303'	B0Ve	False	b''	b'bin'	1.0861347913742063	135.67527770996094	1
-0.006845508869158463	-0.006980632069606307	-0.006828618571443236	-0.0	-0.0	-0.0067436245440916955	-0.00628160428611739	-0.0061788264762184094	-0.005996295413735801	-0.0	-0.0	-0.0	-0.0	-0.0	0.07405477384159342	0.08706322329591451	0.1017255657670685	0.11779407488995847	0.13245641736111247	0.11057000436651018	0.10593274710768265	0.1083787993327619	0.10517422875209997	0.10270527551566926	b'HD 259440'	B0Ve	False	b''	b'bin'	-1.4395283460617063	205.6665344238281	1
0.0	0.0	0.0	0.0	0.0	0.0	0.0	0.0	0.0	0.0	0.0	0.0	0.0	0.0	0.0	0.0	0.0	0.0	0.0	0.0	0.0	0.0	0.0	0.0	b'[CHP2004] J095549.8+693934'	B0Ve	True	b'1FGL J0956.5+6938,2FGL J0955.9+6936,3FGL J0955.4+6940'	b'galaxy'	40.56696319580078	141.4094696044922	0
0.0	0.0	0.0	0.0	0.0	0.0	0.0	0.0	0.0	0.0	0.0	0.0	0.0	0.0	0.0	0.0	0.0	0.0	0.0	0.0	0.0	0.0	0.0	0.0	b'[MTK2001b] 8'	B0Ve	True	b'1FGL J0956.5+6938,2FGL J0955.9+6936,3FGL J0955.4+6940'	b'galaxy'	40.56696319580078	141.4094696044922	0
0.0	0.0	0.0	0.0	0.0	0.0	0.0	0.0	0.0	0.0	0.0	0.0	0.0	0.0	0.0	0.0	0.0	0.0	0.0	0.0	0.0	0.0	0.0	0.0	b'[CHP2004] J095637.5+694137'	B0Ve	True	b'1FGL J0956.5+6938,2FGL J0955.9+6936,3FGL J0955.4+6940'	b'galaxy'	40.56696319580078	141.4094696044922	0
0.0	0.0	0.0	0.0	0.0	0.0	0.0	0.0	0.0	0.0	0.0	0.0	0.0	0.0	0.0	0.0	0.0	0.0	0.0	0.0	0.0	0.0	0.0	0.0	b'CXOU J095601.7+694308'	B0Ve	True	b'1FGL J0956.5+6938,2FGL J0955.9+6936,3FGL J0955.4+6940'	b'galaxy'	40.56696319580078	141.4094696044922	0
0.0	0.0	0.0	0.0	0.0	0.0	0.0	0.0	0.0	0.0	0.0	0.0	0.0	0.0	0.0	0.0	0.0	0.0	0.0	0.0	0.0	0.0	0.0	0.0	b'CXOU J095548.9+694010'	B0Ve	True	b'1FGL J0956.5+6938,2FGL J0955.9+6936,3FGL J0955.4+6940'	b'galaxy'	40.56696319580078	141.4094696044922	0
0.0	0.0	0.0	0.0	0.0	0.0	0.0	0.0	0.0	0.0	0.0	0.0	0.0	0.0	0.0	0.0	0.0	0.0	0.0	0.0	0.0	0.0	0.0	0.0	b'CXOU J095527.1+693923'	B0Ve	True	b'1FGL J0956.5+6938,2FGL J0955.9+6936,3FGL J0955.4+6940'	b'galaxy'	40.56696319580078	141.4094696044922	0
0.0	0.0	0.0	0.0	0.0	0.0	0.0	0.0	0.0	0.0	0.0	0.0	0.0	0.0	0.0	0.0	0.0	0.0	0.0	0.0	0.0	0.0	0.0	0.0	b'CXOU J095552.8+694020'	B0Ve	True	b'1FGL J0956.5+6938,2FGL J0955.9+6936,3FGL J0955.4+6940'	b'galaxy'	40.56696319580078	141.4094696044922	0
0.0	0.0	0.0	0.0	0.0	0.0	0.0	0.0	0.0	0.0	0.0	0.0	0.0	0.0	0.0	0.0	0.0	0.0	0.0	0.0	0.0	0.0	0.0	0.0	b'CXOU J095552.4+694024'	B0Ve	True	b'1FGL J0956.5+6938,2FGL J0955.9+6936,3FGL J0955.4+6940'	b'galaxy'	40.56696319580078	141.4094696044922	0
0.0	0.0	0.0	0.0	0.0	0.0	0.0	0.0	0.0	0.0	0.0	0.0	0.0	0.0	0.0	0.0	0.0	0.0	0.0	0.0	0.0	0.0	0.0	0.0	b'CXOU J095550.7+694039'	B0Ve	True	b'1FGL J0956.5+6938,2FGL J0955.9+6936,3FGL J0955.4+6940'	b'galaxy'	40.56696319580078	141.4094696044922	0
0.0	0.0	0.0	0.0	0.0	0.0	0.0	0.0	0.0	0.0	0.0	0.0	0.0	0.0	0.0	0.0	0.0	0.0	0.0	0.0	0.0	0.0	0.0	0.0	b'CXOU J095547.5+694120'	B0Ve	True	b'1FGL J0956.5+6938,2FGL J0955.9+6936,3FGL J0955.4+6940'	b'galaxy'	40.56696319580078	141.4094696044922	0
-0.0	-0.0	-0.0	-0.0	-0.0	-0.0	-0.0	-0.0	-0.0	-0.0	-0.0	-0.0	-0.0	-0.0	0.1827400107325119	0.17158359090315342	0.18846124394516955	0.21022692095493625	0.24698823346422902	-0.0	-0.0	-0.0	-0.0	-0.0	b'XMMU J053841.7-690514'	B0Ve	True	b''	b'pwn'	-31.74585723876953	279.5587158203125	0
0.0	0.0	0.0	0.0	0.0	0.0	0.0	0.0	0.0	0.0	0.0	0.0	0.0	0.0	0.0	0.0	0.0	0.0	0.0	0.0	0.0	0.0	0.0	0.0	b'CXOU J095527.2+694050'	B0Ve	True	b'1FGL J0956.5+6938,2FGL J0955.9+6936,3FGL J0955.4+6940'	b'galaxy'	40.56696319580078	141.4094696044922	0
0.0	0.0	0.0	0.0	0.0	0.0	0.0	0.0	0.0	0.0	0.0	0.0	0.0	0.0	0.0	0.0	0.0	0.0	0.0	0.0	0.0	0.0	0.0	0.0	b'CXOU J095600.7+694107'	B0Ve	True	b'1FGL J0956.5+6938,2FGL J0955.9+6936,3FGL J0955.4+6940'	b'galaxy'	40.56696319580078	141.4094696044922	0
-0.017203691349295308	-0.017469486830477624	-0.01694271563956713	-0.016979520111836698	-0.0	-0.016676055091819502	-0.015338008077411936	-0.015031674217154827	-0.014587115423164411	-0.0	-0.017428151365486866	-0.01668744699349797	-0.016287144680399226	-0.0	0.17492251232441694	0.20082730264271623	0.22937582003255408	0.2694630866674955	0.3060422881129289	-0.0	-0.0	-0.0	-0.0	-0.0	b'CPD-63  2495'	B0Ve	False	b''	b'bin'	-0.9915965795516968	304.18359375	1
0.0	0.0	0.0	0.0	0.0	0.0	0.0	0.0	0.0	0.0	0.0	0.0	0.0	0.0	0.0	0.0	0.0	0.0	0.0	0.0	0.0	0.0	0.0	0.0	b'CXOU J095549.1+694036'	B0Ve	True	b'1FGL J0956.5+6938,2FGL J0955.9+6936,3FGL J0955.4+6940'	b'galaxy'	40.56696319580078	141.4094696044922	0
0.0	0.0	0.0	0.0	0.0	0.0	0.0	0.0	0.0	0.0	0.0	0.0	0.0	0.0	0.0	0.0	0.0	0.0	0.0	0.0	0.0	0.0	0.0	0.0	b'CXOU J095546.5+694040'	B0Ve	True	b'1FGL J0956.5+6938,2FGL J0955.9+6936,3FGL J0955.4+6940'	b'galaxy'	40.56696319580078	141.4094696044922	0
0.0	0.0	0.0	0.0	0.0	0.0	0.0	0.0	0.0	0.0	0.0	0.0	0.0	0.0	0.0	0.0	0.0	0.0	0.0	0.0	0.0	0.0	0.0	0.0	b'CXOU J095552.7+694045'	B0Ve	True	b'1FGL J0956.5+6938,2FGL J0955.9+6936,3FGL J0955.4+6940'	b'galaxy'	40.56696319580078	141.4094696044922	0
0.0	0.0	0.0	0.0	0.0	0.0	0.0	0.0	0.0	0.0	0.0	0.0	0.0	0.0	0.0	0.0	0.0	0.0	0.0	0.0	0.0	0.0	0.0	0.0	b'CXOU J095622.7+694134'	B0Ve	True	b'1FGL J0956.5+6938,2FGL J0955.9+6936,3FGL J0955.4+6940'	b'galaxy'	40.56696319580078	141.4094696044922	0
0.0	0.0	0.0	0.0	0.0	0.0	0.0	0.0	0.0	0.0	0.0	0.0	0.0	0.0	0.0	0.0	0.0	0.0	0.0	0.0	0.0	0.0	0.0	0.0	b'CXOU J095551.4+694035'	B0Ve	True	b'1FGL J0956.5+6938,2FGL J0955.9+6936,3FGL J0955.4+6940'	b'galaxy'	40.56696319580078	141.4094696044922	0
0.0	0.0	0.0	0.0	0.0	0.0	0.0	0.0	0.0	0.0	0.0	0.0	0.0	0.0	0.0	0.0	0.0	0.0	0.0	0.0	0.0	0.0	0.0	0.0	b'CXOU J095553.0+694048'	B0Ve	True	b'1FGL J0956.5+6938,2FGL J0955.9+6936,3FGL J0955.4+6940'	b'galaxy'	40.56696319580078	141.4094696044922	0
0.0	0.0	0.0	0.0	0.0	0.0	0.0	0.0	0.0	0.0	0.0	0.0	0.0	0.0	0.0	0.0	0.0	0.0	0.0	0.0	0.0	0.0	0.0	0.0	b'CXOU J095614.7+694249'	B0Ve	True	b'1FGL J0956.5+6938,2FGL J0955.9+6936,3FGL J0955.4+6940'	b'galaxy'	40.56696319580078	141.4094696044922	0
0.0	0.0	0.0	0.0	0.0	0.0	0.0	0.0	0.0	0.0	0.0	0.0	0.0	0.0	0.0	0.0	0.0	0.0	0.0	0.0	0.0	0.0	0.0	0.0	b'CXOU J095550.5+694056'	B0Ve	True	b'1FGL J0956.5+6938,2FGL J0955.9+6936,3FGL J0955.4+6940'	b'galaxy'	40.56696319580078	141.4094696044922	0
0.0	0.0	0.0	0.0	0.0	0.0	0.0	0.0	0.0	0.0	0.0	0.0	0.0	0.0	0.0	0.0	0.0	0.0	0.0	0.0	0.0	0.0	0.0	0.0	b'CXOU J095544.8+694100'	B0Ve	True	b'1FGL J0956.5+6938,2FGL J0955.9+6936,3FGL J0955.4+6940'	b'galaxy'	40.56696319580078	141.4094696044922	0
-0.0	-0.0	-0.0	-0.0	-0.0	-0.0	-0.0	-0.0	-0.0	-0.0	-0.0	-0.0	-0.0	-0.0	-0.0	-0.0	-0.0	-0.0	-0.0	0.21861618084911222	0.1983583992125756	0.19369100827075256	0.20730447505789887	0.18202993660966088	b'CXOU J095550.2+694039'	B0Ve	True	b'1FGL J0956.5+6938,2FGL J0955.9+6936,3FGL J0955.4+6940'	b'galaxy'	40.56696319580078	141.4094696044922	0
0.0	0.0	0.0	0.0	0.0	0.0	0.0	0.0	0.0	0.0	0.0	0.0	0.0	0.0	0.0	0.0	0.0	0.0	0.0	0.0	0.0	0.0	0.0	0.0	b'[RVZ2004] 40.49+57.4'	B0Ve	True	b'1FGL J0956.5+6938,2FGL J0955.9+6936,3FGL J0955.4+6940'	b'galaxy'	40.56696319580078	141.4094696044922	0
0.0	0.0	0.0	0.0	0.0	0.0	0.0	0.0	0.0	0.0	0.0	0.0	0.0	0.0	0.0	0.0	0.0	0.0	0.0	0.0	0.0	0.0	0.0	0.0	b'CXOU J095615.1+693951'	B0Ve	True	b'1FGL J0956.5+6938,2FGL J0955.9+6936,3FGL J0955.4+6940'	b'galaxy'	40.56696319580078	141.4094696044922	0
-0.0	-0.0	-0.0	-0.0	-0.0	-0.0	-0.0	-0.0	-0.0	-0.0	-0.0	-0.0	-0.0	-0.0	-0.0	-0.0	-0.0	-0.0	-0.0	0.21706359520333648	0.2096007933823159	0.20432487444067432	0.1918060371673965	0.1772046998062768	b'[SST2011] J095554.56+694100.4'	B0Ve	True	b'1FGL J0956.5+6938,2FGL J0955.9+6936,3FGL J0955.4+6940'	b'galaxy'	40.56696319580078	141.4094696044922	0
0.0	0.0	0.0	0.0	0.0	0.0	0.0	0.0	0.0	0.0	0.0	0.0	0.0	0.0	0.0	0.0	0.0	0.0	0.0	0.0	0.0	0.0	0.0	0.0	b'CXOU J095550.9+694044'	B0Ve	True	b'1FGL J0956.5+6938,2FGL J0955.9+6936,3FGL J0955.4+6940'	b'galaxy'	40.56696319580078	141.4094696044922	0
0.0	0.0	0.0	0.0	0.0	0.0	0.0	0.0	0.0	0.0	0.0	0.0	0.0	0.0	0.0	0.0	0.0	0.0	0.0	0.0	0.0	0.0	0.0	0.0	b'CXOU J095552.2+694042'	B0Ve	True	b'1FGL J0956.5+6938,2FGL J0955.9+6936,3FGL J0955.4+6940'	b'galaxy'	40.56696319580078	141.4094696044922	0
0.0	0.0	0.0	0.0	0.0	0.0	0.0	0.0	0.0	0.0	0.0	0.0	0.0	0.0	0.0	0.0	0.0	0.0	0.0	0.0	0.0	0.0	0.0	0.0	b'CXOU J095621.2+694224'	B0Ve	True	b'1FGL J0956.5+6938,2FGL J0955.9+6936,3FGL J0955.4+6940'	b'galaxy'	40.56696319580078	141.4094696044922	0
-0.0	-0.0	-0.0	-0.0	-0.0	-0.0	-0.0	-0.0	-0.0	-0.0	-0.0	-0.0	-0.0	-0.0	0.16814359328779493	0.18682723291235484	0.20262381290754553	0.21634052801426532	0.22606483287803944	-0.0	-0.0	-0.0	-0.0	-0.0	b'2FGL J1019.0-5856'	B0Ve	True	b'1FGL J1018.6-5856'	b'bin'	-1.7795172929763794	284.3140869140625	1
0.0	0.0	0.0	0.0	0.0	0.0	0.0	0.0	0.0	0.0	0.0	0.0	0.0	0.0	0.0	0.0	0.0	0.0	0.0	0.0	0.0	0.0	0.0	0.0	b'CXOU J095554.1+694039'	B0Ve	True	b'1FGL J0956.5+6938,2FGL J0955.9+6936,3FGL J0955.4+6940'	b'galaxy'	40.56696319580078	141.4094696044922	0
0.0	0.0	0.2701181849830511	0.0	0.0	0.0	0.24417453183837368	0.2407263302670688	0.24498095291150634	0.0	0.0	0.0	0.0	0.0	0.0	0.0	0.0	0.0	0.0	0.0	0.0	0.0	0.0	0.0	b'SN 2004am'	B0Ve	False	b'1FGL J0956.5+6938,2FGL J0955.9+6936,3FGL J0955.4+6940'	b'galaxy'	40.56696319580078	141.4094696044922	0
0.0	0.0	0.0	0.0	0.0	0.0	0.0	0.0	0.0	0.0	0.0	0.0	0.0	0.0	0.0	0.0	0.0	0.0	0.0	0.0	0.0	0.0	0.0	0.0	b'[SST2011] J095552.13+694053.1'	B0Ve	True	b'1FGL J0956.5+6938,2FGL J0955.9+6936,3FGL J0955.4+6940'	b'galaxy'	40.56696319580078	141.4094696044922	0
0.0	0.0	0.0	0.0	0.0	0.0	0.0	0.0	0.0	0.0	0.0	0.0	0.0	0.0	0.0	0.0	0.0	0.0	0.0	0.0	0.0	0.0	0.0	0.0	b'CXOU J095534.5+693823'	B0Ve	True	b'1FGL J0956.5+6938,2FGL J0955.9+6936,3FGL J0955.4+6940'	b'galaxy'	40.56696319580078	141.4094696044922	0
0.0	0.0	0.0	0.0	0.0	0.0	0.0	0.0	0.0	0.0	0.0	0.0	0.0	0.0	0.0	0.0	0.0	0.0	0.0	0.0	0.0	0.0	0.0	0.0	b'CXOU J095551.2+694012'	B0Ve	True	b'1FGL J0956.5+6938,2FGL J0955.9+6936,3FGL J0955.4+6940'	b'galaxy'	40.56696319580078	141.4094696044922	0
0.0	0.0	0.0	0.0	0.0	0.0	0.0	0.0	0.0	0.0	0.0	0.0	0.0	0.0	0.0	0.0	0.0	0.0	0.0	0.0	0.0	0.0	0.0	0.0	b'CXOU J095555.1+694027'	B0Ve	True	b'1FGL J0956.5+6938,2FGL J0955.9+6936,3FGL J0955.4+6940'	b'galaxy'	40.56696319580078	141.4094696044922	0
0.0	0.0	0.0	0.0	0.0	0.0	0.0	0.0	0.0	0.0	0.0	0.0	0.0	0.0	0.0	0.0	0.0	0.0	0.0	0.0	0.0	0.0	0.0	0.0	b'CXOU J095551.3+694043'	B0Ve	True	b'1FGL J0956.5+6938,2FGL J0955.9+6936,3FGL J0955.4+6940'	b'galaxy'	40.56696319580078	141.4094696044922	0
0.0	0.0	0.0	0.0	0.0	0.0	0.0	0.0	0.0	0.0	0.0	0.0	0.0	0.0	0.0	0.0	0.0	0.0	0.0	0.0	0.0	0.0	0.0	0.0	b'CXOU J095551.0+694050'	B0Ve	True	b'1FGL J0956.5+6938,2FGL J0955.9+6936,3FGL J0955.4+6940'	b'galaxy'	40.56696319580078	141.4094696044922	0
0.0	0.0	0.0	0.0	0.0	0.0	0.0	0.0	0.0	0.0	0.0	0.0	0.0	0.0	0.0	0.0	0.0	0.0	0.0	0.0	0.0	0.0	0.0	0.0	b'CXOU J095554.9+694038'	B0Ve	True	b'1FGL J0956.5+6938,2FGL J0955.9+6936,3FGL J0955.4+6940'	b'galaxy'	40.56696319580078	141.4094696044922	0
0.0	0.0	0.0	0.0	0.0	0.0	0.0	0.0	0.0	0.0	0.0	0.0	0.0	0.0	0.0	0.0	0.0	0.0	0.0	0.0	0.0	0.0	0.0	0.0	b'CXOU J095632.1+694127'	B0Ve	True	b'1FGL J0956.5+6938,2FGL J0955.9+6936,3FGL J0955.4+6940'	b'galaxy'	40.56696319580078	141.4094696044922	0
0.0	0.0	0.0	0.0	0.0	0.0	0.0	0.0	0.0	0.0	0.0	0.0	0.0	0.0	0.0	0.0	0.0	0.0	0.0	0.0	0.0	0.0	0.0	0.0	b'NAME M82 ULX-1'	B0Ve	True	b'1FGL J0956.5+6938,2FGL J0955.9+6936,3FGL J0955.4+6940'	b'galaxy'	40.56696319580078	141.4094696044922	0
0.0	0.0	0.0	0.0	0.0	0.0	0.0	0.0	0.0	0.0	0.0	0.0	0.0	0.0	0.0	0.0	0.0	0.0	0.0	0.0	0.0	0.0	0.0	0.0	b'[CHP2004] J095630.9+694220'	B0Ve	True	b'1FGL J0956.5+6938,2FGL J0955.9+6936,3FGL J0955.4+6940'	b'galaxy'	40.56696319580078	141.4094696044922	0
0.0	0.0	0.0	0.0	0.0	0.0	0.0	0.0	0.0	0.0	0.0	0.0	0.0	0.0	0.0	0.0	0.0	0.0	0.0	0.0	0.0	0.0	0.0	0.0	b'CXOU J095550.6+694043'	B0Ve	True	b'1FGL J0956.5+6938,2FGL J0955.9+6936,3FGL J0955.4+6940'	b'galaxy'	40.56696319580078	141.4094696044922	0
-0.0	-0.0	-0.0	-0.0	-0.0	-0.0	-0.0	-0.0	-0.0	-0.0	-0.0	-0.0	-0.0	-0.0	0.15732681930929887	0.1783747319409597	0.19660142678565481	0.2221789177189511	0.24551810424513557	-0.0	-0.0	-0.0	-0.0	-0.0	b'2FHL J1633.5-4746e'	B0Ve	True	b''	b'pwn'	0.16875746846199036	336.3296813964844	0
0.0	0.0	0.0	0.0	0.0	0.0	0.0	0.0	0.0	0.0	0.0	0.0	0.0	0.0	0.0	0.0	0.0	0.0	0.0	0.0	0.0	0.0	0.0	0.0	b'CXOU J095608.0+694139'	B0Ve	True	b'1FGL J0956.5+6938,2FGL J0955.9+6936,3FGL J0955.4+6940'	b'galaxy'	40.56696319580078	141.4094696044922	0
0.0	0.0	0.0	0.0	0.0	0.0	0.0	0.0	0.0	0.0	0.0	0.0	0.0	0.0	0.0	0.0	0.0	0.0	0.0	0.0	0.0	0.0	0.0	0.0	b'CXOU J095624.6+694256'	B0Ve	True	b'1FGL J0956.5+6938,2FGL J0955.9+6936,3FGL J0955.4+6940'	b'galaxy'	40.56696319580078	141.4094696044922	0
-0.02403767850632338	-0.023842201386917745	-0.023749229086537146	-0.0	-0.0237100410615202	-0.0	-0.0	-0.0	-0.0	-0.0	-0.0	-0.0	-0.0	-0.0	-0.0	-0.0	-0.0	-0.0	-0.0	0.2858661531927491	0.28315795810042726	0.2780594755865193	0.24825556316160294	-0.0	b'CXOM82 J095538.3+694030'	B0Ve	False	b'1FGL J0956.5+6938,2FGL J0955.9+6936,3FGL J0955.4+6940'	b'galaxy'	40.56696319580078	141.4094696044922	0
-0.02403767850632338	-0.023842201386917745	-0.023749229086537146	-0.0	-0.0237100410615202	-0.0	-0.0	-0.0	-0.0	-0.0	-0.0	-0.0	-0.0	-0.0	-0.0	-0.0	-0.0	-0.0	-0.0	0.2858661531927491	0.28315795810042726	0.2780594755865193	0.24825556316160294	-0.0	b'CXOM82 J095538.3+694030'	B0Ve	False	b'1FGL J0956.5+6938,2FGL J0955.9+6936,3FGL J0955.4+6940'	b'galaxy'	40.56696319580078	141.4094696044922	0
-0.02403767850632338	-0.023842201386917745	-0.023749229086537146	-0.0	-0.0237100410615202	-0.0	-0.0	-0.0	-0.0	-0.0	-0.0	-0.0	-0.0	-0.0	-0.0	-0.0	-0.0	-0.0	-0.0	0.2858661531927491	0.28315795810042726	0.2780594755865193	0.24825556316160294	-0.0	b'CXOM82 J095538.3+694030'	B0Ve	False	b'1FGL J0956.5+6938,2FGL J0955.9+6936,3FGL J0955.4+6940'	b'galaxy'	40.56696319580078	141.4094696044922	0
0.0	0.0	0.0	0.0	0.0	0.0	0.0	0.0	0.0	0.0	0.0	0.0	0.0	0.0	0.0	0.0	0.0	0.0	0.0	0.0	0.0	0.0	0.0	0.0	b'CXOU J095531.8+693957'	B0Ve	True	b'1FGL J0956.5+6938,2FGL J0955.9+6936,3FGL J0955.4+6940'	b'galaxy'	40.56696319580078	141.4094696044922	0
-0.0	-0.0	-0.0	-0.0	-0.0	-0.0	-0.0	-0.0	-0.006974854998569103	-0.0	-0.0	-0.0	-0.0	-0.0	0.07493552068908714	0.08021285190508388	0.08872962293232695	0.09815814136429442	0.10684156336159706	0.12361644813127319	0.12218469027616892	0.1167352689027249	0.10169016555364174	0.09387058188237084	b'[KRL2007b] 332'	B0Ve	False	b''	b'unid'	-0.19760440289974213	26.79511260986328	0
-0.0	-0.0	-0.0	-0.0	-0.0	-0.0	-0.0	-0.0	-0.0	-0.0	-0.0	-0.0	-0.0	-0.0	-0.0	-0.0	-0.0	-0.0	-0.0	-0.0	0.2535219833840374	0.2502291455022447	0.2570355357111366	0.23921333540258122	b'CXOU J095553.3+694101'	B0Ve	True	b'1FGL J0956.5+6938,2FGL J0955.9+6936,3FGL J0955.4+6940'	b'galaxy'	40.56696319580078	141.4094696044922	0
-0.0	-0.0	-0.0	-0.0	-0.0	-0.0	-0.0	-0.0	-0.0	-0.0	-0.0	-0.0	-0.0	-0.0	-0.0	-0.0	-0.0	-0.0	-0.0	-0.0	0.2535219833840374	0.2502291455022447	0.2570355357111366	0.23921333540258122	b'CXOU J095553.3+694101'	B0Ve	True	b'1FGL J0956.5+6938,2FGL J0955.9+6936,3FGL J0955.4+6940'	b'galaxy'	40.56696319580078	141.4094696044922	0
0.0	0.0	0.0	0.0	0.0	0.0	0.0	0.0	0.0	0.0	0.0	0.0	0.0	0.0	0.0	0.0	0.0	0.0	0.0	0.0	0.0	0.0	0.0	0.0	b'CXOU J095546.1+694026'	B0Ve	True	b'1FGL J0956.5+6938,2FGL J0955.9+6936,3FGL J0955.4+6940'	b'galaxy'	40.56696319580078	141.4094696044922	0
0.0	0.0	0.0	0.0	0.0	0.0	0.0	0.0	0.0	0.0	0.0	0.0	0.0	0.0	0.0	0.0	0.0	0.0	0.0	0.0	0.0	0.0	0.0	0.0	b'[CHP2004] J095619.6+694146'	B0Ve	True	b'1FGL J0956.5+6938,2FGL J0955.9+6936,3FGL J0955.4+6940'	b'galaxy'	40.56696319580078	141.4094696044922	0
-0.022297905041610257	-0.0224532186604365	-0.02172016166927465	-0.021535261374057146	-0.0	-0.02133717331556789	-0.01972711346457967	-0.01945163996695357	-0.019222267428273248	-0.0	-0.02210942969039877	-0.021420817802073104	-0.020982478108310006	-0.0	0.19695865029174958	0.22057355859351116	0.24328876210915057	0.27076249747091696	0.3006739980562066	-0.0	-0.0	-0.0	-0.0	-0.0	b'V* V479 Sct'	B0Ve	False	b''	b'bin'	-1.2892162799835205	16.881586074829098	1
0.0	0.0	0.0	0.0	0.0	0.0	0.0	0.0	0.0	0.0	0.0	0.0	0.0	0.0	0.0	0.0	0.0	0.0	0.0	0.0	0.0	0.0	0.0	0.0	b'CXOU J095510.7+693955'	B0Ve	True	b'1FGL J0956.5+6938,2FGL J0955.9+6936,3FGL J0955.4+6940'	b'galaxy'	40.56696319580078	141.4094696044922	0
0.0	0.0	0.0	0.0	0.0	0.0	0.0	0.0	0.0	0.0	0.0	0.0	0.0	0.0	0.0	0.0	0.0	0.0	0.0	0.0	0.0	0.0	0.0	0.0	b'CXOU J095547.4+694059'	B0Ve	True	b'1FGL J0956.5+6938,2FGL J0955.9+6936,3FGL J0955.4+6940'	b'galaxy'	40.56696319580078	141.4094696044922	0
-0.0	-0.0	-0.0175386648178391	-0.0	-0.0	-0.01725593121792969	-0.01677633774063112	-0.016625421299782946	-0.016480982697082175	-0.0	-0.0	-0.0	-0.0	-0.0	0.19821394834599887	0.18611283258640945	0.20441964035588436	0.22802837694967087	0.2679025395353016	-0.0	-0.0	-0.0	-0.0	-0.0	b'Brey  84'	B0Ve	False	b''	b'pwn'	-31.74585723876953	279.5587158203125	0
0.0	0.0	0.0	0.0	0.0	0.0	0.0	0.0	0.0	0.0	0.0	0.0	0.0	0.0	0.0	0.0	0.0	0.0	0.0	0.0	0.0	0.0	0.0	0.0	b'CXOU J095553.9+694045'	B0Ve	True	b'1FGL J0956.5+6938,2FGL J0955.9+6936,3FGL J0955.4+6940'	b'galaxy'	40.56696319580078	141.4094696044922	0
0.0	0.0	0.0	0.0	0.0	0.0	0.0	0.0	0.0	0.0	0.0	0.0	0.0	0.0	0.0	0.0	0.0	0.0	0.0	0.0	0.0	0.0	0.0	0.0	b'CXOM82 J095550.5+694022'	B0Ve	True	b'1FGL J0956.5+6938,2FGL J0955.9+6936,3FGL J0955.4+6940'	b'galaxy'	40.56696319580078	141.4094696044922	0
0.0	0.0	0.0	0.0	0.0	0.0	0.0	0.0	0.0	0.0	0.0	0.0	0.0	0.0	0.0	0.0	0.0	0.0	0.0	0.0	0.0	0.0	0.0	0.0	b'CXOU J095615.2+694142'	B0Ve	True	b'1FGL J0956.5+6938,2FGL J0955.9+6936,3FGL J0955.4+6940'	b'galaxy'	40.56696319580078	141.4094696044922	0
0.0	0.0	0.0	0.0	0.0	0.0	0.0	0.0	0.0	0.0	0.0	0.0	0.0	0.0	0.0	0.0	0.0	0.0	0.0	0.0	0.0	0.0	0.0	0.0	b'CXOU J095553.2+694052'	B0Ve	True	b'1FGL J0956.5+6938,2FGL J0955.9+6936,3FGL J0955.4+6940'	b'galaxy'	40.56696319580078	141.4094696044922	0
0.0	0.0	0.0	0.0	0.0	0.0	0.0	0.0	0.0	0.0	0.0	0.0	0.0	0.0	0.0	0.0	0.0	0.0	0.0	0.0	0.0	0.0	0.0	0.0	b'CXOU J095550.1+694034'	B0Ve	True	b'1FGL J0956.5+6938,2FGL J0955.9+6936,3FGL J0955.4+6940'	b'galaxy'	40.56696319580078	141.4094696044922	0
